6.08992e-06
0.039822
0.3959
0.791262
0.065055
0.394893
0.202007
0.926102
0.777947
0.996141
0.76548
0.470599
0.248885
0.459607
0.367143
0.749688
0.20886
0.737815
0.575118
0.693829
0.948129
0.818023
0.0504781
0.0763192
0.0515654
0.18608
0.774796
0.391219
0.180885
0.805926
0.949552
0.121908
0.153749
0.364707
0.817426
0.150263
0.569741
0.533515
0.655461
0.0564663
0.233215
0.993759
0.190099
0.0594316
0.623028
0.979153
0.684103
0.34786
0.659135
0.0833377
0.945336
0.551922
0.0160702
0.0831178
0.507433
0.105556
0.233297
0.527333
0.232337
0.249407
0.872433
0.84135
0.584711
0.424372
0.971356
0.697175
0.828232
0.805788
0.045175
0.399204
0.39375
0.728228
0.884086
0.0355818
0.66933
0.75094
0.398095
0.1452
0.462168
0.113895
0.758625
0.650311
0.382373
0.334468
0.0869865
0.804771
0.398638
0.694745
0.939732
0.907909
0.815778
0.369451
0.840883
0.534015
0.924139
0.944504
0.11103
0.0274615
0.570894
0.0761956
0.243311
0.0134429
0.903202
0.0409965
0.0762616
0.674344
0.533251
0.925985
0.0135406
0.54173
0.375166
0.209901
0.540534
0.553969
0.403806
0.484828
0.287831
0.129467
0.585421
0.0684954
0.891575
0.00554063
0.230197
0.257211
0.900687
0.592907
0.0166645
0.969411
0.980975
0.5958
0.937992
0.529846
0.666103
0.647717
0.420147
0.344381
0.905446
0.712779
0.861938
0.215424
0.658817
0.00272931
0.846926
0.0479872
0.788065
0.159547
0.277213
0.69636
0.495558
0.45369
0.67911
0.701416
0.559527
0.747963
0.930673
0.668545
0.616299
0.977009
0.661116
0.0362042
0.739393
0.892426
0.572104
0.985099
0.565503
0.82351
0.930913
0.23799
0.217343
0.203622
0.485472
0.500118
0.273377
0.612181
0.0512755
0.290264
0.0344215
0.0822787
0.0201732
0.912423
0.337119
0.423924
0.0410335
0.318117
0.164293
0.312911
0.122283
0.609314
0.302171
0.895306
0.406321
0.931992
0.294488
0.657572
0.865807
0.510314
0.943464
0.312306
0.171826
0.571434
0.607654
0.449608
0.983929
0.910926
0.546674
0.70407
0.912043
0.84884
0.562806
0.187399
0.400264
0.326379
0.189469
0.936654
0.782519
0.893206
0.676576
0.128117
0.760106
0.335376
0.0227568
0.806783
0.551108
0.693884
0.304463
0.881474
0.96168
0.42385
0.55194
0.135591
0.629216
0.444322
0.422083
0.00346955
0.687388
0.828708
0.918162
0.86238
0.103056
0.885825
0.406422
0.590141
0.935064
0.381584
0.179559
0.138364
0.764895
0.651295
0.817078
0.871318
0.549221
0.352591
0.59251
0.420423
0.144305
0.608989
0.17752
0.804366
0.752301
0.294065
0.892883
0.564848
0.539411
0.206263
0.756334
0.667943
0.675927
0.884321
0.577293
0.921096
0.048144
0.813327
0.348472
0.655741
0.89215
0.7714
0.184344
0.425539
0.59949
0.0669914
0.0565026
0.470247
0.944704
0.416818
0.575882
0.695211
0.98474
0.214417
0.0718637
0.916483
0.880248
0.939321
0.218248
0.121561
0.888738
0.456867
0.456109
0.495761
0.779624
0.958627
0.463521
0.964203
0.921134
0.293458
0.922159
0.999433
0.289102
0.439185
0.830776
0.444662
0.647632
0.864905
0.615553
0.102638
0.151634
0.533918
0.287328
0.840132
0.621241
0.297277
0.895696
0.958058
0.738099
0.427975
0.529986
0.577216
0.413526
0.0457436
0.117111
0.789659
0.578557
0.182485
0.266298
0.325684
0.645854
0.238326
0.410688
0.48645
0.893497
0.578299
0.495809
0.0922191
0.0206484
0.019646
0.464933
0.196227
0.125089
0.959748
0.791301
0.314169
0.352637
0.894679
0.307221
0.919325
0.468432
0.0783881
0.580051
0.953296
0.600103
0.0725012
0.085044
0.102371
0.402804
0.936753
0.425079
0.589524
0.896132
0.810039
0.84726
0.232027
0.222914
0.632101
0.306395
0.514693
0.579868
0.755823
0.325345
0.428746
0.570148
0.200169
0.902252
0.826308
0.227756
0.293732
0.714641
0.0405205
0.963826
0.458919
0.870396
0.521285
0.684797
0.88675
0.45561
0.236631
0.332444
0.852291
0.129315
0.589707
0.0957976
0.420709
0.015079
0.601399
0.54493
0.29395
0.139487
0.10857
0.936618
0.548045
0.667492
0.727931
0.941889
0.0110391
0.184636
0.335532
0.0454246
0.0315455
0.27616
0.811877
0.866859
0.387927
0.652975
0.802669
0.653936
0.0880983
0.0745137
0.245175
0.197555
0.809959
0.31846
0.410219
0.418678
0.732443
0.447348
0.209799
0.877123
0.507206
0.62204
0.520332
0.452228
0.120922
0.712077
0.271516
0.445389
0.398219
0.952906
0.0508265
0.354472
0.895229
0.899981
0.973631
0.570108
0.933771
0.92974
0.568932
0.243849
0.526157
0.537457
0.430735
0.578214
0.940615
0.681967
0.385042
0.7886
0.657352
0.427271
0.922463
0.987072
0.465229
0.131006
0.646466
0.238026
0.449064
0.429804
0.487236
0.0357268
0.617567
0.271514
0.431175
0.453727
0.921891
0.244306
0.516014
0.216152
0.414812
0.452644
0.841557
0.940863
0.300534
0.190143
0.346047
0.8045
0.62512
0.65929
0.0981617
0.879394
0.357545
0.988049
0.854625
0.392355
0.611377
0.793337
0.633454
0.155338
0.757079
0.541375
0.0528243
0.417981
0.174943
0.954914
0.185562
0.392017
0.398642
0.717339
0.679263
0.697568
0.399407
0.723642
0.89203
0.981306
0.760839
0.128276
0.793846
0.956491
0.494332
0.439881
0.383562
0.114887
0.245131
0.912888
0.371519
0.36055
0.63901
0.485988
0.877782
0.815495
0.519578
0.517494
0.896016
0.0472284
0.826207
0.56756
0.272973
0.96817
0.86259
0.477283
0.95361
0.656936
0.705918
0.994685
0.241834
0.351507
0.506683
0.197557
0.826864
0.864265
0.429112
0.963194
0.325228
0.668907
0.98222
0.734988
0.0883788
0.909236
0.491487
0.835912
0.0259336
0.579823
0.461168
0.578864
0.194545
0.128548
0.577217
0.423903
0.90239
0.731014
0.100846
0.432341
0.0792915
0.486833
0.402702
0.267726
0.662454
0.787794
0.387673
0.993691
0.747837
0.1079
0.560318
0.918681
0.257144
0.465282
0.48092
0.737555
0.87044
0.805989
0.362169
0.22006
0.974394
0.559651
0.556461
0.696188
0.376146
0.617019
0.683834
0.588398
0.5328
0.979378
0.150519
0.240717
0.0465407
0.329838
0.80812
0.29472
0.175375
0.776495
0.50342
0.862381
0.1095
0.017475
0.26881
0.745797
0.763294
0.177841
0.903342
0.95379
0.832936
0.568389
0.694413
0.765388
0.869646
0.616307
0.0300643
0.59017
0.118553
0.217717
0.651916
0.875497
0.873186
0.762089
0.298717
0.310613
0.0955924
0.0785274
0.49053
0.577619
0.0520804
0.553938
0.203533
0.899329
0.714585
0.673067
0.185446
0.633993
0.677662
0.230412
0.661595
0.166897
0.341102
0.464013
0.18158
0.348847
0.108176
0.361119
0.356588
0.731511
0.349501
0.385722
0.237322
0.849653
0.882532
0.877976
0.0825509
0.800232
0.716681
0.375481
0.268293
0.368377
0.814055
0.106452
0.0876205
0.950239
0.615829
0.904755
0.191088
0.522723
0.0842326
0.796822
0.417787
0.91008
0.0101713
0.51044
0.767028
0.597391
0.336467
0.155415
0.260642
0.340916
0.246724
0.326112
0.445913
0.82532
0.769823
0.875866
0.289129
0.617778
0.65004
0.613276
0.209767
0.668945
0.232783
0.170363
0.00529298
0.610815
0.115965
0.292616
0.416593
0.10144
0.316991
0.8009
0.0840291
0.46654
0.705379
0.475248
0.644118
0.887972
0.451003
0.110524
0.716836
0.389087
0.237956
0.993964
0.533548
0.866951
0.994044
0.0545887
0.955562
0.421454
0.885905
0.934491
0.633313
0.231278
0.32975
0.232001
0.0561595
0.226758
0.767727
0.166729
0.242821
0.809598
0.95992
0.916474
0.82243
0.869482
0.54196
0.876014
0.256209
0.347545
0.59827
0.0877733
0.949778
0.596727
0.000932002
0.0943579
0.00608488
0.788999
0.264178
0.462971
0.368958
0.619462
0.66451
0.231703
0.107288
0.557329
0.376438
0.527694
0.589829
0.893772
0.37385
0.607172
0.300633
0.836649
0.847005
0.567372
0.045099
0.902108
0.885148
0.980318
0.296659
0.853062
0.174751
0.698491
0.434078
0.434541
0.463386
0.0823703
0.619385
0.155917
0.539211
0.899842
0.0664276
0.370007
0.476089
0.147492
0.450053
0.899051
0.894333
0.0437691
0.205912
0.45756
0.987069
0.444024
0.470886
0.122047
0.0622308
0.927422
0.414146
0.097622
0.350177
0.805736
0.708829
0.0314768
0.826931
0.304006
0.894345
0.12323
0.803053
0.16308
0.379306
0.282158
0.0281257
0.914029
0.835079
0.581291
0.060877
0.0744349
0.729968
0.258397
0.654919
0.516555
0.754017
0.513826
0.910117
0.257361
0.88444
0.355244
0.939581
0.920453
0.841679
0.739227
0.802282
0.119848
0.686077
0.259742
0.451295
0.0156454
0.305189
0.633499
0.447667
0.291565
0.541709
0.232175
0.189907
0.80436
0.712022
0.911517
0.409108
0.15511
0.26539
0.387319
0.679681
0.43238
0.333753
0.408273
0.69573
0.377263
0.922156
0.975694
0.0630403
0.220292
0.489809
0.860125
0.356697
0.440231
0.671764
0.66481
0.194326
0.694738
0.89122
0.686049
0.0749614
0.172903
0.612452
0.820421
0.73354
0.619664
0.984366
0.768888
0.761016
0.282096
0.624681
0.787772
0.240102
0.0275722
0.29473
0.236603
0.146641
0.883807
0.214891
0.17285
0.266593
0.250768
0.770644
0.24352
0.378656
0.0344639
0.359248
0.123636
0.452508
0.952612
0.127046
0.751585
0.612672
0.262173
0.347394
0.61135
0.618009
0.158769
0.18922
0.311608
0.606836
0.0979701
0.626198
0.711708
0.857668
0.288459
0.236557
0.84452
0.315585
0.607072
0.643506
0.886165
0.634223
0.185708
0.346295
0.422616
0.483395
0.920124
0.691889
0.263171
0.872328
0.150594
0.737276
0.0508088
0.238533
0.764452
0.752396
0.919415
0.0522971
0.970502
0.113694
0.44788
0.686802
0.995311
0.338303
0.16108
0.303862
0.95137
0.00884351
0.827727
0.505296
0.127135
0.33886
0.805093
0.499916
0.948942
0.12887
0.680614
0.536147
0.86479
0.863046
0.460369
0.350268
0.400015
0.696522
0.554424
0.380278
0.634819
0.0833169
0.809068
0.49539
0.353692
0.794898
0.835906
0.991148
0.116697
0.0793528
0.887842
0.600169
0.502632
0.711199
0.531927
0.268508
