0.840876
0.170913
0.457593
0.207344
0.125725
0.888253
0.197992
0.193677
0.380133
0.537707
0.805047
0.990917
0.700076
0.282204
0.392542
0.815413
0.3596
0.818882
0.67689
0.691406
0.0564262
0.115903
0.187584
0.0823755
0.805995
0.0945897
0.313585
0.0302012
0.358945
0.881858
0.0606422
0.427135
0.017032
0.257975
0.39456
0.0455869
0.722485
0.924626
0.0453921
0.950721
0.295797
0.218292
0.647583
0.920867
0.696957
0.893942
0.0910374
0.500743
0.18512
0.604037
0.958137
0.31249
0.251708
0.697843
0.921684
0.249519
0.201956
0.966066
0.978794
0.178173
0.25989
0.955788
0.395715
0.772198
0.0717509
0.480725
0.238592
0.105029
0.482842
0.95179
0.365166
0.624887
0.462826
0.152974
0.752409
0.13769
0.0544575
0.0875362
0.0351001
0.422775
0.220747
0.519509
0.130336
0.106432
0.465568
0.835515
0.822982
0.418256
0.1027
0.851893
0.187056
0.455302
0.04831
0.192141
0.718055
0.57906
0.0118687
0.859672
0.0512149
0.57024
0.960506
0.630878
0.140713
0.16637
0.731807
0.89351
0.7748
0.607206
0.670037
0.555369
0.301878
0.812954
0.160815
0.648308
0.442512
0.820305
0.939216
0.252553
0.0623766
0.101284
0.0463139
0.366328
0.781144
0.38991
0.309165
0.345799
0.292309
0.641667
0.219221
0.540324
0.268951
0.750791
0.0841903
0.748024
0.73043
0.650366
0.328325
0.116659
0.745028
0.420236
0.816157
0.114822
0.343521
0.0277251
0.0746609
0.198439
0.518688
0.326177
0.288863
0.797589
0.185766
0.936297
0.945883
0.24863
0.978831
0.635316
0.0024153
0.296644
0.758127
0.878964
0.450645
0.793187
0.703323
0.0812517
0.157604
0.214359
0.867717
0.277069
0.852967
0.624179
0.0683683
0.792599
0.140278
0.70828
0.987176
0.548535
0.406621
0.502912
0.357888
0.621119
0.505721
0.444256
0.114049
0.68599
0.0894942
0.363057
0.372892
0.969842
0.463023
0.0495603
0.130157
0.334897
0.837975
0.0137711
0.540855
0.121193
0.859459
0.0660166
0.660971
0.371676
0.281319
0.342827
0.525093
0.0651164
0.664862
0.403125
0.434993
0.981827
0.97603
0.0197338
0.334134
0.827201
0.956
0.291188
0.143125
0.238059
0.140233
0.698865
0.931099
0.296806
0.400948
0.73443
0.798047
0.178411
0.888047
0.722583
0.343071
0.555185
0.243465
0.46413
0.593591
0.384381
0.963965
0.324361
0.270476
0.703608
0.787369
0.39174
0.264118
0.0590485
0.977225
0.331912
0.196451
0.191495
0.380912
0.562016
0.94389
0.605199
0.136184
0.370314
0.996226
0.644531
0.901152
0.606136
0.526445
0.703451
0.482698
0.56513
0.0464943
0.192797
0.738334
0.694831
0.523976
0.89038
0.626493
0.745538
0.83479
0.298895
0.28026
0.991508
0.426702
0.636644
0.979541
0.147455
0.0688611
0.0860693
0.896666
0.605373
0.562244
0.925106
0.490435
0.61666
0.286046
0.166335
0.423596
0.0445606
0.455001
0.328963
0.878764
0.311921
0.962648
0.968601
0.147777
0.169253
0.685525
0.589868
0.369489
0.908118
0.123309
0.566797
0.290997
0.644811
0.249892
0.696058
0.927315
0.299371
0.450388
0.00799516
0.994475
0.894893
0.419086
0.460474
0.991071
0.802162
0.893333
0.140539
0.80324
0.554587
0.0983628
0.598891
0.70808
0.858463
0.778055
0.942167
0.650505
0.423529
0.686634
0.308041
0.668537
0.238857
0.416307
0.348134
0.342039
0.919032
0.435837
0.343736
0.139882
0.745666
0.215056
0.579343
0.540549
0.0292087
0.310313
0.598999
0.801178
0.416077
0.28586
0.970464
0.250046
0.766099
0.346178
0.182181
0.977482
0.225264
0.554239
0.298064
0.800228
0.118792
0.510704
0.995093
0.374224
0.289513
0.369057
0.608727
0.330849
0.506554
0.0616856
0.811125
0.311579
0.56935
0.611888
0.547182
0.776099
0.731952
0.406824
0.853377
0.458842
0.0726637
0.306401
0.18443
0.348974
0.433978
0.463096
0.872779
0.0688072
0.557832
0.727725
0.345863
0.525657
0.0411742
0.516131
0.72622
0.712137
0.736844
0.0118317
0.439395
0.529886
0.224761
0.579585
0.454668
0.511741
0.978429
0.264908
0.783584
0.317336
0.851756
0.254518
0.861302
0.87715
0.511179
0.172728
0.435757
0.0599862
0.438107
0.0887653
0.58963
0.73889
0.126674
0.110034
0.520135
0.130504
0.101809
0.436316
0.701617
0.28286
0.382608
0.749905
0.0559604
0.586613
0.0160335
0.816686
0.755812
0.184704
0.305912
0.173138
0.285619
0.15547
0.362254
0.774293
0.38547
0.344186
0.595882
0.477616
0.502765
0.718042
0.783369
0.237834
0.376678
0.119567
0.3273
0.887691
0.38045
0.293479
0.336828
0.379656
0.24648
0.0619807
0.153563
0.363551
0.799242
0.523489
0.947756
0.975134
0.321002
0.149804
0.00980654
0.710602
0.175356
0.656714
0.362078
0.262047
0.313577
0.523037
0.316028
0.188839
0.288775
0.0331039
0.599648
0.29995
0.40287
0.717675
0.680215
0.622219
0.611377
0.0682938
0.907366
0.829549
0.811004
0.400084
0.101466
0.00804307
0.135061
0.737976
0.212311
0.63208
0.881683
0.601377
0.67312
0.626325
0.699867
0.562277
0.0748621
0.388679
0.658317
0.451789
0.785878
0.649168
0.822107
0.0901317
0.141825
0.039762
0.962151
0.415048
0.830929
0.250141
0.0224886
0.883659
0.0995536
0.644395
0.970384
0.022756
0.403076
0.213654
0.654236
0.00253478
0.127081
0.739671
0.2943
0.10876
0.00386097
0.0443283
0.231221
0.988371
0.849238
0.200088
0.557386
0.543527
0.244688
0.576378
0.256082
0.349087
0.789783
0.596919
0.473466
0.468523
0.549949
0.0829819
0.548354
0.543285
0.324525
0.0575905
0.424816
0.0305827
0.36015
0.885657
0.0725898
0.464626
0.134449
0.625056
0.540298
0.616287
0.835037
0.463636
0.266489
0.426207
0.158839
0.117171
0.27348
0.586339
0.0567153
0.0632428
0.869019
0.64493
0.0484061
0.486069
0.48076
0.509937
0.732782
0.807264
0.248542
0.225883
0.118413
0.677536
0.999495
0.89915
0.399446
0.304326
0.230941
0.646711
0.801797
0.990383
0.726124
0.443295
0.124655
0.758273
0.427741
0.741995
0.602297
0.935827
0.194293
0.743309
0.711219
0.577535
0.0642394
0.187622
0.547576
0.596861
0.652978
0.546124
0.399937
0.48451
0.307626
0.485164
0.14235
0.487628
0.644616
0.479044
0.072722
0.124935
0.0951105
0.446251
0.82151
0.912801
0.083222
0.28412
0.955724
0.17726
0.462048
0.176947
0.903246
0.826955
0.83252
0.552523
0.822456
0.962028
0.370063
0.562124
0.0421763
0.193942
0.784067
0.958921
0.696922
0.551245
0.0351737
0.249839
0.182469
0.846266
0.435374
0.995851
0.0567353
0.377756
0.755918
0.135706
0.0109682
0.844459
0.968037
0.208098
0.536251
0.344623
0.24148
0.347273
0.910318
0.336453
0.825858
0.927068
0.129685
0.434496
0.43981
0.728397
0.412089
0.916962
0.792971
0.505163
0.894243
0.818991
0.865757
0.823619
0.149903
0.486849
0.571966
0.0501557
0.153244
0.468064
0.429185
0.362537
0.312556
0.612503
0.862016
0.659564
0.199244
0.259384
0.763107
0.244184
0.597147
0.38522
0.937002
0.15503
0.497163
0.587712
0.0518015
0.0214019
0.662198
0.780569
0.723635
0.316688
0.38741
0.474273
0.358945
0.885215
0.0807842
0.517774
0.379585
0.617545
0.289006
0.176131
0.455731
0.149206
0.793656
0.419084
0.371603
0.457856
0.402711
0.295567
0.148999
0.233892
0.0623639
0.269154
0.0536459
0.899494
0.914149
0.389449
0.109357
0.1511
0.922385
0.174411
0.745005
0.90033
0.69693
0.0786127
0.199309
0.488337
0.136246
0.42244
0.308428
0.0486049
0.515779
0.657232
0.301376
0.893173
0.646651
0.84135
0.228243
0.797307
0.72966
0.202195
0.646227
0.0576074
0.529603
0.659152
0.188486
0.198546
0.494899
0.182481
0.640797
0.202451
0.447533
0.863137
0.151027
0.137925
0.46831
0.568535
0.196418
0.0616977
0.602421
0.0592462
0.933689
0.068921
0.0103212
0.441639
0.556941
0.366899
0.188923
0.831448
0.288382
0.247256
0.888099
0.103292
0.626861
0.831541
0.347497
0.601115
0.479218
0.465272
0.478672
0.684582
0.799442
0.635417
0.617525
0.986395
0.360645
0.28631
0.472059
0.255562
0.284844
0.409007
0.890442
0.66159
0.955565
0.779079
0.0743898
0.434626
0.938246
0.717845
0.862856
0.716528
0.533465
0.752036
0.711035
0.49788
0.587971
0.0469032
0.989678
0.51594
0.188536
0.487759
0.229726
0.988524
0.863612
0.284959
0.937244
0.0588339
0.917804
0.97732
0.603684
0.826218
0.524157
0.708975
0.536442
0.837871
0.19925
0.654666
0.134743
0.916466
0.286112
0.468473
0.235832
0.198738
0.0699375
0.630985
0.156476
0.259985
0.151628
0.569906
0.0547796
0.199526
0.704137
0.429092
0.237318
0.562081
0.236628
0.361037
0.0365732
0.970102
0.491451
0.217792
0.883693
0.342027
0.0989261
0.515315
0.201553
0.571486
0.61494
0.546266
0.743138
0.542434
0.566358
0.516242
0.000234291
0.355226
0.129245
0.578439
0.30743
0.638628
0.0649025
0.641759
0.266434
0.82277
0.538715
0.827356
0.115706
0.248027
0.44681
0.448613
0.670394
0.984847
0.87553
0.389561
0.457594
0.239511
0.318723
0.756735
0.671909
0.220835
0.27783
0.679467
0.576334
0.342802
0.869805
0.133615
0.973445
0.63814
0.0678323
0.663733
0.371905
0.257834
0.199864
0.878675
0.473274
0.931572
0.329965
0.595639
0.604148
0.264135
0.147477
0.507648
0.718591
0.742718
0.988987
0.249464
0.595895
0.330195
0.618116
0.736948
0.858642
0.519315
0.388115
0.654853
0.436087
0.722843
0.412273
0.968051
0.0978482
0.87463
0.367145
0.331203
0.682908
0.116626
0.553583
0.271863
0.648933
0.446831
0.840584
0.0220261
0.566902
0.203179
0.116951
0.873101
0.186046
0.258363
0.875768
0.929335
0.694103
0.800601
0.556678
0.134665
0.797885
0.575326
0.270991
0.448012
0.249156
0.462832
0.534583
0.0420122
0.440826
0.266843
0.633629
0.400185
0.698448
0.589027
0.24813
0.187536
0.892044
0.664443
0.958266
0.769603
0.993226
0.0329309
0.258552
0.254935
0.202642
0.921432
0.704816
0.936012
0.272726
0.212253
0.818978
0.00359558
0.650771
0.872265
0.376652
0.409528
0.0672991
