0.956601
0.216058
0.801974
0.10748
0.812818
0.0152492
0.714492
0.0663011
0.542792
0.317731
0.640695
0.504243
0.245567
0.764976
0.177564
0.092855
0.17903
0.679336
0.181269
0.319573
0.689111
0.0977329
0.0752698
0.189381
0.365545
0.297534
0.572485
0.481159
0.299196
0.439622
0.686525
0.183716
0.315943
0.953648
0.906979
0.736514
0.0621334
0.290475
0.413779
0.700079
0.816588
0.6668
0.20561
0.481099
0.904179
0.426979
0.0173937
0.737205
0.585968
0.647026
0.901833
0.0864507
0.300903
0.605804
0.350015
0.746465
0.13408
0.748406
0.826079
0.728305
0.386568
0.766721
0.590948
0.20999
0.121796
0.422188
0.690123
0.714721
0.563501
0.735736
0.980535
0.718798
0.220243
0.169915
0.0714657
0.314209
0.611474
0.428208
0.0545268
0.550921
0.470178
0.496543
0.897704
0.0838503
0.297072
0.551977
0.37846
0.749525
0.141362
0.363577
0.430906
0.697428
0.483072
0.810488
0.782031
0.701039
0.0919318
0.142186
0.751992
0.273549
0.73782
0.605917
0.093472
0.213278
0.627782
0.066332
0.745099
0.203769
0.4446
0.242296
0.373925
0.0935712
0.861934
0.185897
0.581967
0.480717
0.411015
0.628636
0.651816
0.226881
0.573913
0.819805
0.706305
0.526224
0.978358
0.482055
0.157234
0.153933
0.569125
0.509148
0.318171
0.519442
0.630988
0.0309002
0.0563006
0.149341
0.538228
0.47031
0.358346
0.224974
0.105707
0.217875
0.685548
0.799727
0.416508
0.548095
0.992709
0.320997
0.00113216
0.403164
0.286295
0.081854
0.243259
0.668848
0.596609
0.227388
0.887073
0.567555
0.239018
0.940743
0.521149
0.793583
0.239247
0.433845
0.913904
0.0155678
0.797732
0.367805
0.0756035
0.371107
0.668042
0.32802
0.921942
0.578578
0.324358
0.978959
0.414175
0.291144
0.793015
0.523635
0.0508209
0.317942
0.0231064
0.0927643
0.585921
0.337463
0.671156
0.688614
0.848865
0.72812
0.174845
0.30854
0.540777
0.140999
0.990805
0.873204
0.882465
0.439803
0.871476
0.584491
0.988933
0.63298
0.0560236
0.338101
0.845454
0.423039
0.250316
0.815837
0.760208
0.998053
0.270972
0.882577
0.16848
0.690355
0.228462
0.912932
0.663424
0.127409
0.124281
0.6726
0.128384
0.499883
0.737174
0.379392
0.845783
0.571903
0.673432
0.568964
0.457571
0.0584885
0.456246
0.390221
0.65224
0.995187
0.529126
0.955414
0.453391
0.724889
0.048382
0.369932
0.984879
0.12683
0.339665
0.0667667
0.587508
0.712784
0.893573
0.0706778
0.16229
0.215442
0.77532
0.817039
0.615277
0.293978
0.323467
0.150371
0.278939
0.981803
0.0127126
0.127571
0.18512
0.501507
0.35575
0.250813
0.0645469
0.0719864
0.719186
0.755153
0.947902
0.332762
0.928518
0.575813
0.243464
0.0104813
0.53718
0.620151
0.166303
0.452613
0.634649
0.969322
0.394044
0.653321
0.0686091
0.634627
0.824193
0.396537
0.956185
0.493548
0.30802
0.141208
0.359234
0.0304689
0.236011
0.273742
0.998701
0.507088
0.849878
0.352635
0.883038
0.187514
0.156136
0.97029
0.725683
0.243052
0.316234
0.857016
0.0266037
0.961674
0.388263
0.852224
0.692902
0.887184
0.295208
0.367804
0.0734842
0.513059
0.89478
0.968693
0.282789
0.155991
0.0257984
0.695625
0.688581
0.634104
0.406141
0.755076
0.438809
0.374867
0.257257
0.201392
0.90252
0.577692
0.53024
0.236106
0.89984
0.0562178
0.608465
0.749441
0.596022
0.385282
0.361788
0.729001
0.934543
0.977585
0.427307
0.160649
0.484281
0.715032
0.591688
0.0465783
0.575739
0.759772
0.150048
0.165561
0.601341
0.169921
0.116409
0.200391
0.354786
0.94497
0.160706
0.857514
0.284466
0.125883
0.147363
0.603844
0.53595
0.574882
0.150428
0.645765
0.65852
0.0599205
0.820275
0.775325
0.850783
0.268845
0.976863
0.708613
0.620336
0.378239
0.304564
0.541326
0.732498
0.801961
0.0235428
0.946524
0.323099
0.744367
0.412714
0.73957
0.0503415
0.183218
0.0592499
0.435259
0.160714
0.907281
0.709653
0.422136
0.343972
0.233613
0.597397
0.378996
0.252184
0.0295339
0.122122
0.558581
0.557832
0.664284
0.7554
0.563454
0.425985
0.515377
0.0480561
0.23907
0.275524
0.654628
0.614056
0.309023
0.704441
0.338885
0.965955
0.377497
0.454187
0.930429
0.0769114
0.923886
0.288098
0.872082
0.54426
0.914614
0.658869
0.341983
0.229646
0.65714
0.0400999
0.213068
0.25073
0.52115
0.796902
0.942224
0.199442
0.15193
0.470563
0.0141401
0.461814
0.800941
0.352281
0.564844
0.51436
0.398566
0.220953
0.809921
0.0720285
0.994054
0.120034
0.902426
0.962714
0.187651
0.0484547
0.845482
0.603331
0.179911
0.4406
0.0845622
0.952449
0.063207
0.310354
0.404468
0.814495
0.980415
0.934203
0.755983
0.370512
0.775799
0.948408
0.637224
0.810485
0.763073
0.735228
0.654678
0.942229
0.235659
0.973221
0.888921
0.651834
0.344124
0.226593
0.690028
0.0906814
0.965813
0.44862
0.527675
0.464015
0.191661
0.274128
0.52092
0.296078
0.0552036
0.976032
0.272679
0.0468158
0.12876
0.960947
0.633882
0.955133
0.611818
0.678853
0.0223251
0.983719
0.536599
0.821826
0.921202
0.740437
0.715811
0.68683
0.182329
0.25127
0.0575895
0.577574
0.759055
0.459837
0.872629
0.12043
0.493857
0.32846
0.798497
0.369412
0.585627
0.415808
0.966138
0.57522
0.361646
0.806092
0.0335668
0.493344
0.979242
0.264828
0.711746
0.106237
0.682137
0.496163
0.407652
0.634537
0.236485
0.376756
0.609529
0.712368
0.171592
0.0412356
0.639333
0.60169
0.450328
0.694204
0.397358
0.320721
0.194223
0.0238147
0.72405
0.561414
0.0882538
0.0919107
0.00401759
0.271003
0.0903159
0.575721
0.637219
0.772606
0.0703833
0.236122
0.00233979
0.299894
0.00435655
0.487466
0.537364
0.820821
0.347598
0.943961
0.562322
0.0254187
0.213155
0.817628
0.469239
0.35265
0.979667
0.0428054
0.904256
0.931328
0.953969
0.0022277
0.566954
0.310095
0.713371
0.729661
0.251851
0.851469
0.752633
0.464101
0.757098
0.664943
0.0606256
0.430538
0.285358
0.95416
0.251678
0.722276
0.961868
0.653139
0.876611
0.159825
0.0946974
0.22657
0.538462
0.00134611
0.802188
0.509166
0.437893
0.379665
0.632583
0.459088
0.97329
0.340847
0.800841
0.700416
0.0205474
0.359331
0.667645
0.729701
0.517542
0.204632
0.0855883
0.661566
0.978289
0.0345982
0.237557
0.388372
0.561797
0.590242
0.592297
0.0289525
0.320594
0.367121
0.602163
0.541406
0.253959
0.638288
0.768065
0.374949
0.790825
0.203807
0.696595
0.0358354
0.327381
0.741822
0.774345
0.442337
0.444355
0.636196
0.084408
0.943788
0.428988
0.15571
0.190072
0.878686
0.726695
0.859827
0.410697
0.546865
0.947409
0.106012
0.214784
0.470722
0.0516185
0.533622
0.355226
0.820514
0.341092
0.399353
0.371751
0.878709
0.879284
0.639255
0.0855511
0.418407
0.966437
0.5323
0.711098
0.87082
0.294363
0.840528
0.210148
0.156814
0.405918
0.300736
0.512931
0.057514
0.0841631
0.342748
0.231534
0.998975
0.296209
0.909235
0.490461
0.125909
0.316754
0.252103
0.499394
0.539479
0.656305
0.580439
0.49313
0.574158
0.419091
0.43503
0.663708
0.98864
0.715654
0.66443
0.709733
0.945826
0.755143
0.8776
0.627872
0.656865
0.242277
0.248107
0.37155
0.564261
0.704014
0.544885
0.00182582
0.939038
0.370892
0.26456
0.955462
0.766973
0.23807
0.740336
0.0551765
0.798888
0.931045
0.102445
0.887084
0.640006
0.00106517
0.965158
0.170325
0.753368
0.275228
0.715361
0.743883
0.252315
0.886264
0.277687
0.795589
0.357028
0.607009
0.231222
0.95831
0.390138
0.114567
0.15276
0.898331
0.186391
0.809155
0.0616334
0.0209193
0.791377
0.812638
0.841095
0.91808
0.324327
0.771756
0.511268
0.183496
0.879965
0.0910275
0.228662
0.219658
0.344429
0.220353
0.88724
0.662181
0.000248095
0.622296
0.196062
0.0463061
0.795388
0.04406
0.108478
0.340595
0.151356
0.719143
0.477898
0.972807
0.185368
0.123691
0.815105
0.972966
0.22158
0.912528
0.022153
0.858612
0.46638
0.659883
0.977808
0.887249
0.722745
0.0297981
0.849564
0.300966
0.0186575
0.00122453
0.00721643
0.188259
0.0245868
0.772811
0.412997
0.588031
0.135032
0.972376
0.363276
0.460787
0.0891262
0.796063
0.456821
0.152012
0.00530696
0.702197
0.664623
0.972734
0.705044
0.284811
0.376284
0.522282
0.200635
0.951873
0.297963
0.378226
0.222057
0.0331973
0.0768892
0.778507
0.65789
0.943038
0.527439
0.92075
0.785292
0.0223786
0.333767
0.503772
0.164044
0.685901
0.104012
0.13627
0.0696588
0.498647
0.651053
0.237703
0.340542
0.807367
0.374837
0.0563564
0.51423
0.551556
0.621262
0.429596
0.127677
0.87917
0.892631
0.91131
0.0566129
0.192045
0.78466
0.891538
0.768963
0.245989
0.525055
0.333288
0.367324
0.930569
0.988645
0.751536
0.295512
0.353581
0.0640862
0.0594256
0.584165
0.855214
0.247118
0.906639
0.510411
0.576898
0.335393
0.134967
0.546599
0.209833
0.0998587
0.976063
0.473092
0.54822
0.80771
0.616383
0.530123
0.472163
0.4719
0.754318
0.483711
0.985273
0.702214
0.774504
0.480644
0.931952
0.0329048
0.164332
0.567521
0.019361
0.601896
0.797637
0.748856
0.769086
0.0565393
0.710576
0.459248
0.0234839
0.560941
0.994697
0.324611
0.631714
0.779849
0.43219
0.087466
0.940467
0.7141
0.498329
0.571298
0.71437
0.262633
0.356103
0.558971
0.111085
0.386063
0.468032
0.460214
0.336098
0.746819
0.450167
0.643157
0.602187
0.70084
0.793287
0.304942
0.0185832
0.51584
0.0762741
0.75639
0.0348205
0.69113
0.296681
0.995728
0.0642688
0.254006
0.943485
0.446385
0.912358
0.907698
0.437029
0.733848
0.634486
0.905882
0.561153
0.376579
0.44862
0.528753
0.512504
0.265993
0.327578
0.0356617
0.192049
0.810506
0.896004
0.969317
0.363759
0.618635
0.257025
0.686543
0.30549
0.596173
0.373603
0.990607
0.57705
0.33241
0.629567
0.740103
0.530456
0.650435
0.195337
0.309403
0.187368
0.196486
0.823333
0.77567
0.108724
