0.0138941
0.853838
0.246256
0.265243
0.423069
0.447221
0.379783
0.400656
0.886328
0.69551
0.941531
0.672325
0.331334
0.592313
0.137317
0.912833
0.0148839
0.325911
0.13075
0.970968
0.157183
0.818805
0.165793
0.122365
0.146435
0.540709
0.697135
0.566094
0.688748
0.719973
0.903369
0.132173
0.278342
0.0784459
0.957994
0.325029
0.363085
0.214778
0.43322
0.827891
0.580327
0.761158
0.211591
0.593124
0.438055
0.438489
0.280417
0.643495
0.816353
0.135003
0.78402
0.709384
0.664189
0.133309
0.708798
0.826926
0.266495
0.610885
0.576085
0.0220915
0.456574
0.539
0.517848
0.205712
0.148816
0.105079
0.11017
0.40443
0.56672
0.783505
0.339571
0.452598
0.541242
0.179856
0.0771173
0.270111
0.254439
0.773579
0.435365
0.85117
0.803438
0.684108
0.3831
0.0889983
0.959716
0.58541
0.992898
0.561477
0.498684
0.893974
0.696498
0.402734
0.474592
0.355241
0.922983
0.385658
0.815745
0.153463
0.494776
0.34036
0.615028
0.670004
0.156451
0.0335664
0.49075
0.0150805
0.611353
0.633949
0.392791
0.457936
0.441029
0.888397
0.229069
0.880453
0.28248
0.134223
0.687319
0.379208
0.638213
0.272309
0.627182
0.140953
0.694116
0.826184
0.417605
0.71655
0.520143
0.21205
0.594559
0.818325
0.0288033
0.344734
0.214064
0.765877
0.0664788
0.704584
0.275532
0.705309
0.0125387
0.990303
0.590416
0.72691
0.261276
0.482715
0.471174
0.00626421
0.961652
0.244474
0.615552
0.0938048
0.389858
0.28071
0.561168
0.477799
0.329681
0.785607
0.0854176
0.545777
0.835694
0.599927
0.925687
0.069392
0.754244
0.00446473
0.194883
0.337724
0.377271
0.974441
0.867268
0.0640165
0.603918
0.0198363
0.709618
0.190853
0.984973
0.736662
0.0326837
0.718768
0.02511
0.194164
0.63797
0.683303
0.117951
0.282969
0.334823
0.405488
0.488936
0.149167
0.402835
0.140774
0.521003
0.839329
0.374561
0.25139
0.838092
0.281467
0.513538
0.0271481
0.521445
0.726925
0.362636
0.279681
0.833733
0.778213
0.737702
0.835116
0.825987
0.127778
0.541528
0.0501915
0.202345
0.132707
0.773127
0.476803
0.81761
0.350376
0.107325
0.799997
0.182621
0.160027
0.419663
0.174392
0.352439
0.595295
0.631608
0.0840453
0.572337
0.512655
0.251086
0.85075
0.0566173
0.220826
0.983318
0.915778
0.275225
0.696098
0.786974
0.0200525
0.123185
0.508602
0.750636
0.407761
0.347849
0.584518
0.164578
0.178408
0.608951
0.929219
0.162856
0.912303
0.546481
0.436353
0.310704
0.694484
0.231367
0.907862
0.512259
0.662085
0.373973
0.409942
0.61358
0.200132
0.665406
0.0899336
0.0759919
0.910786
0.626637
0.579155
0.0947364
0.481012
0.340435
0.106673
0.537938
0.573703
0.441115
0.449011
0.0808789
0.867218
0.737091
0.840788
0.910593
0.368381
0.841256
0.971307
0.375764
0.1239
0.184155
0.192072
0.956944
0.455236
0.784992
0.0602435
0.932076
0.841896
0.155428
0.343036
0.112338
0.578179
0.711211
0.608048
0.0232954
0.328348
0.0666042
0.524531
0.906363
0.705243
0.586634
0.000598805
0.915583
0.997335
0.572149
0.281371
0.884718
0.169208
0.452689
0.133054
0.0396483
0.260493
0.362171
0.237962
0.0310916
0.308223
0.472385
0.925472
0.662627
0.917642
0.4593
0.363922
0.689036
0.606435
0.477189
0.33844
0.0599553
0.0474102
0.0155589
0.739713
0.983841
0.33461
0.0138995
0.888697
0.187245
0.39786
0.60924
0.822258
0.744409
0.690762
0.891522
0.664758
0.85216
0.277113
0.0417817
0.210571
0.925132
0.440775
0.228145
0.842543
0.386289
0.943972
0.63464
0.911382
0.527766
0.0590301
0.997813
0.700997
0.817021
0.498551
0.0261668
0.10476
0.0233016
0.369029
0.0774029
0.137718
0.539421
0.272896
0.468483
0.409738
0.273847
0.684018
0.793498
0.684583
0.488105
0.721613
0.624354
0.64994
0.954496
0.447617
0.969265
0.0233689
0.809116
0.812489
0.864065
0.119204
0.475206
0.374441
0.471326
0.00138122
0.0317965
0.917122
0.062295
0.347209
0.402675
0.0907259
0.256637
0.147078
0.740664
0.201544
0.894994
0.365099
0.382211
0.274953
0.919359
0.685693
0.747288
0.516843
0.636255
0.471106
0.559611
0.298476
0.737736
0.054865
0.762164
0.789793
0.455191
0.496177
0.503038
0.366145
0.22097
0.920258
0.566587
0.913475
0.212811
0.569602
0.62489
0.156929
0.156093
0.691189
0.684529
0.137905
0.75889
0.384631
0.10368
0.964544
0.154846
0.536252
0.554513
0.960656
0.728852
0.964109
0.305909
0.338079
0.70055
0.898945
0.201486
0.517486
0.840637
0.926091
0.70794
0.222617
0.694986
0.513291
0.408698
0.472961
0.691581
0.249475
0.317877
0.599863
0.505264
0.919466
0.389572
0.411081
0.0552897
0.539623
0.597435
0.628767
0.510702
0.479425
0.959585
0.725903
0.678513
0.793987
0.883818
0.286152
0.149701
0.892523
0.208138
0.0121698
0.578019
0.667734
0.311593
0.507335
0.466617
0.211144
0.670432
0.955932
0.837474
0.239369
0.234566
0.826756
0.158641
0.356324
0.999346
0.725173
0.904309
0.276365
0.147655
0.5186
0.122669
0.133375
0.137309
0.860435
0.386604
0.000781277
0.108769
0.237422
0.502179
0.747513
0.988173
0.665446
0.349955
0.354895
0.660676
0.158776
0.234106
0.819481
0.589096
0.0977389
0.114355
0.766823
0.252886
0.619834
0.0957182
0.901175
0.782407
0.159283
0.551065
0.416144
0.16352
0.260017
0.25149
0.491266
0.387488
0.787105
0.879492
0.999529
0.92119
0.661615
0.299977
0.550829
0.872648
0.243916
0.964061
0.996364
0.226868
0.490415
0.820694
0.518967
0.526993
0.00873392
0.111093
0.434375
0.375766
0.136324
0.420986
0.828434
0.132309
0.167513
0.365676
0.15525
0.17921
0.853997
0.282906
0.921262
0.134929
0.303763
0.308546
0.58027
0.386512
0.403458
0.210088
0.764386
0.317616
0.889181
0.352955
0.97593
0.60685
0.190729
0.174624
0.865266
0.971429
0.174268
0.541554
0.219564
0.731138
0.908451
0.363938
0.787516
0.567607
0.578964
0.843258
0.0649723
0.853904
0.676514
0.72766
0.166528
0.929436
0.583262
0.950131
0.908043
0.695165
0.682677
0.024503
0.225096
0.904132
0.117843
0.574255
0.0523815
0.522301
0.323195
0.369137
0.78904
0.534708
0.454694
0.244605
0.474931
0.571929
0.843444
0.279065
0.802834
0.731855
0.597737
0.603929
0.0915999
0.971781
0.478547
0.221493
0.345228
0.445813
0.173452
0.205616
0.522888
0.162577
0.0939991
0.660215
0.144875
0.338251
0.821503
0.810576
0.359508
0.8199
0.326289
0.602477
0.595956
0.954135
0.0853623
0.184115
0.928013
0.27607
0.223527
0.645859
0.273802
0.393608
0.802935
0.392806
0.556422
0.442023
0.386072
0.525149
0.950525
0.483866
0.997186
0.601367
0.339842
0.22918
0.607151
0.159216
0.110636
0.451027
0.266764
0.369538
0.406097
0.471328
0.013488
0.197885
0.966676
0.0920136
0.676625
0.44895
0.68135
0.346491
0.705929
0.068814
0.974835
0.446421
0.148659
0.0800055
0.155727
0.298807
0.900065
0.524369
0.850584
0.968398
0.352315
0.788752
0.648946
0.460402
0.566859
0.688497
0.084294
0.198516
0.0952261
0.683755
0.0759402
0.573264
0.573269
0.603603
0.956864
0.93565
0.213833
0.252976
0.212481
0.411121
0.322875
0.277421
0.0553462
0.908849
0.96401
0.660645
0.960805
0.701315
0.896503
0.229896
0.288568
0.949214
0.911691
0.544138
0.115239
0.546673
0.692849
0.540052
0.402762
0.661771
0.323491
0.310847
0.627825
0.347388
0.569107
0.392873
0.997186
0.597348
0.0573383
0.935063
0.373944
0.222891
0.481591
0.126172
0.0397499
0.924446
0.95309
0.254843
0.417944
0.933725
0.626361
0.777471
0.882643
0.60112
0.723164
0.768891
0.778759
0.303423
0.0798487
0.130873
0.777955
0.0468486
0.343162
0.93343
0.695541
0.140379
0.939481
0.263938
0.893304
0.314412
0.942493
0.959075
0.39328
0.659728
0.964306
0.59456
0.82746
0.761767
0.195
0.107715
0.348433
0.405217
0.715618
0.427837
0.625971
0.223919
0.209587
0.48938
0.0545452
0.671081
0.197584
0.00295103
0.296786
0.684802
0.920838
0.35912
0.287876
0.423918
0.997865
0.0400407
0.825883
0.449148
0.979647
0.913882
0.873027
0.724565
0.928244
0.787076
0.692891
0.814367
0.143843
0.589379
0.948563
0.649972
0.16525
0.566736
0.886717
0.242418
0.168811
0.856971
0.732637
0.715077
0.890782
0.823279
0.42117
0.0316865
0.198122
0.520537
0.788621
0.794683
0.432737
0.669422
0.350587
0.48886
0.654154
0.513349
0.790724
0.545329
0.905633
0.933214
0.285457
0.6008
0.628719
0.194952
0.78962
0.327168
0.351232
0.70491
0.408045
0.206419
0.773688
0.148032
0.978074
0.625842
0.379169
0.383849
0.988021
0.668557
0.691616
0.475295
0.956564
0.974355
0.307574
0.225325
0.39808
0.045852
0.826364
0.596345
0.49891
0.374951
0.803699
0.387464
0.629571
0.764621
0.853731
0.544551
0.817896
0.220986
0.0245417
0.478102
0.308119
0.790728
0.57207
0.763929
0.330894
0.718804
0.257471
0.601653
0.209252
0.301467
0.29292
0.406014
0.925495
0.809613
0.0608512
0.905991
0.274026
0.85743
0.73163
0.126736
0.725125
0.59136
0.904669
0.62932
0.124648
0.0743842
0.397979
0.383293
0.354678
0.240604
0.311156
0.647053
0.0801032
0.79515
0.486807
0.23103
0.706138
0.434393
0.495415
0.518684
0.671779
0.761473
0.268637
0.62031
0.204201
0.272137
0.506046
0.0346627
0.659089
0.785897
0.980302
0.193389
0.571907
0.697487
0.865769
0.263273
0.545102
0.423645
0.215565
0.581296
0.0962563
0.420204
0.71205
0.0975061
0.592162
0.144489
0.815752
0.200703
0.393843
0.338039
0.437728
0.301933
0.337514
0.00462768
0.260369
0.550799
0.676473
0.458607
0.831635
0.0595823
0.608934
0.818559
0.557732
0.0101723
0.516795
0.32126
0.719226
0.0188164
0.0403473
0.830958
0.635592
0.133677
0.113919
0.918964
0.103202
0.840203
0.0874581
0.888551
0.231756
0.449313
0.0590488
0.120172
0.804136
0.243392
0.543372
0.111987
0.284716
0.7551
0.6011
0.590702
0.601094
