0.633513
0.822567
0.233784
0.999602
0.89355
0.364884
0.147357
0.600181
0.274878
0.247639
0.0119294
0.842826
0.949589
0.112103
0.126318
0.748979
0.357015
0.401275
0.194519
0.555632
0.583126
0.498066
0.740261
0.958972
0.0914863
0.918166
0.68562
0.850226
0.930773
0.932608
0.218693
0.918683
0.543859
0.995012
0.0753368
0.496915
0.303458
0.348516
0.359969
0.0231755
0.89933
0.1874
0.0304322
0.49599
0.702051
0.748397
0.171917
0.295934
0.228348
0.706681
0.184955
0.749597
0.832989
0.25156
0.012463
0.810735
0.752242
0.216841
0.530863
0.233611
0.623898
0.640889
0.230254
0.613522
0.608846
0.131377
0.308651
0.669513
0.239223
0.409715
0.305286
0.144282
0.118119
0.410174
0.397972
0.696266
0.595848
0.308694
0.489528
0.158921
0.547779
0.856379
0.208266
0.542187
0.378727
0.392681
0.947545
0.151137
0.378918
0.913274
0.0693815
0.196823
0.556502
0.567607
0.397126
0.274296
0.0716361
0.961155
0.122203
0.082827
0.397132
0.637349
0.249909
0.763306
0.33066
0.114202
0.709276
0.227834
0.983519
0.850612
0.252
0.856496
0.87097
0.51736
0.265429
0.936332
0.22913
0.947796
0.624609
0.217484
0.683427
0.143208
0.708402
0.96154
0.393624
0.707879
0.704662
0.857059
0.800395
0.0888376
0.329471
0.177285
0.0984756
0.995287
0.0854385
0.555052
0.561366
0.372727
0.18407
0.749872
0.842602
0.306768
0.257187
0.782212
0.378587
0.231618
0.98242
0.809961
0.0179865
0.818272
0.747755
0.12208
0.00268416
0.917385
0.480151
0.624444
0.425303
0.931823
0.763213
0.192867
0.288286
0.993918
0.368929
0.268318
0.289542
0.322393
0.328477
0.0693245
0.459652
0.133991
0.667081
0.79656
0.775637
0.484779
0.927939
0.204624
0.876294
0.416143
0.610216
0.916004
0.00408582
0.780476
0.646086
0.85223
0.298603
0.121547
0.0418553
0.157213
0.566578
0.984556
0.808129
0.987773
0.653474
0.030887
0.304056
0.546355
0.541622
0.332537
0.120626
0.730928
0.299932
0.221237
0.628035
0.777079
0.0101629
0.0672624
0.312108
0.267288
0.794754
0.362929
0.0247926
0.882392
0.0712169
0.485776
0.273704
0.270238
0.158097
0.516436
0.675741
0.406527
0.357489
0.486194
0.699764
0.822833
0.639122
0.429238
0.823328
0.0768253
0.0510019
0.614584
0.228487
0.839668
0.981619
0.332705
0.161659
0.975608
0.398719
0.611835
0.0825461
0.988758
0.189631
0.238968
0.727128
0.212053
0.728169
0.460538
0.209709
0.11341
0.793081
0.737794
0.289035
0.0940656
0.963074
0.931856
0.923468
0.154101
0.613395
0.293463
0.24022
0.800159
0.638973
0.632403
0.0436621
0.570348
0.0291283
0.0416391
0.98768
0.551327
0.418843
0.551115
0.537104
0.262588
0.74159
0.0862516
0.843197
0.282917
0.108731
0.10613
0.658203
0.99405
0.040469
0.296364
0.413964
0.816509
0.173373
0.691658
0.589593
0.312632
0.569456
0.603053
0.493211
0.531786
0.751823
0.72486
0.582752
0.972773
0.591873
0.796281
0.450824
0.538415
0.173075
0.192719
0.598634
0.857333
0.756295
0.821772
0.123977
0.347915
0.971692
0.698919
0.448289
0.399462
0.362175
0.577888
0.207755
0.0455363
0.403424
0.0107178
0.43349
0.50448
0.125471
0.212502
0.145775
0.962136
0.460842
0.105822
0.487358
0.971749
0.444269
0.919872
0.520817
0.846052
0.388955
0.719264
0.814987
0.416548
0.16441
0.237522
0.945445
0.534975
0.700841
0.390272
0.0340666
0.691952
0.845113
0.843108
0.452633
0.127828
0.693267
0.00915204
0.815512
0.810701
0.524601
0.851301
0.386391
0.656639
0.462318
0.864158
0.0240829
0.367079
0.985728
0.610656
0.792387
0.258417
0.419021
0.188367
0.359015
0.458788
0.521598
0.000492967
0.308577
0.847027
0.304967
0.206556
0.494638
0.108824
0.201197
0.227766
0.555826
0.285062
0.70794
0.682078
0.721009
0.187349
0.635013
0.123942
0.0285335
0.0557237
0.0775411
0.963733
0.0845273
0.833568
0.240665
0.941874
0.48526
0.434691
0.240811
0.532645
0.0285689
0.377607
0.00852397
0.652678
0.83935
0.162002
0.417859
0.0491392
0.534106
0.762382
0.767341
0.742604
0.54956
0.613921
0.737483
0.899613
0.760333
0.465478
0.94987
0.509918
0.51068
0.47482
0.2528
0.243415
0.185293
0.921022
0.858494
0.861768
0.444162
0.909054
0.456866
0.559716
0.246501
0.44156
0.430852
0.611068
0.78874
0.232828
0.298306
0.694388
0.48157
0.639932
0.505459
0.273365
0.0910616
0.0860815
0.696935
0.406875
0.168836
0.351143
0.587335
0.363721
0.896308
0.104359
0.559383
0.417072
0.467982
0.0542442
0.11363
0.193582
0.138819
0.0906833
0.294725
0.952197
0.060663
0.794202
0.219246
0.167656
0.0327238
0.687435
0.830098
0.793669
0.291134
0.603778
0.00246541
0.580791
0.462557
0.548225
0.126334
0.82398
0.80687
0.4254
0.290574
0.914843
0.873892
0.00976813
0.193581
0.0735699
0.699195
0.53304
0.905486
0.635555
0.66396
0.263761
0.606925
0.267705
0.143906
0.454087
0.42937
0.489435
0.072278
0.0287542
0.522023
0.873351
0.541897
0.391225
0.470274
0.300624
0.571274
0.722031
0.190721
0.646045
0.159785
0.144302
0.427749
0.267776
0.75691
0.131479
0.976681
0.676777
0.270534
0.532214
0.758476
0.760932
0.739309
0.587465
0.871007
0.938858
0.794082
0.31477
0.741888
0.618396
0.0333791
0.634714
0.507871
0.3348
0.437962
0.614577
0.745799
0.943605
0.949438
0.204179
0.680133
0.243189
0.337934
0.838905
0.992026
0.402012
0.483838
0.28492
0.354973
0.565559
0.198601
0.10157
0.822015
0.0179543
0.709594
0.0959763
0.18951
0.273271
0.934042
0.144806
0.462465
0.471531
0.667004
0.758244
0.54643
0.454383
0.808431
0.761139
0.290955
0.895478
0.754276
0.466348
0.00961047
0.860527
0.0766676
0.715263
0.601568
0.172044
0.618153
0.160521
0.399746
0.953785
0.124997
0.165915
0.870516
0.729864
0.544541
0.698474
0.289972
0.453564
0.111637
0.58775
0.521763
0.840833
0.349128
0.527274
0.0214892
0.383468
0.107405
0.193216
0.192655
0.416985
0.768014
0.855219
0.219192
0.618178
0.736338
0.85443
0.499539
0.307364
0.348332
0.323713
0.807289
0.930321
0.316323
0.525051
0.303393
0.0949029
0.838877
0.179138
0.524932
0.537352
0.49972
0.162155
0.475448
0.393294
0.0807297
0.944734
0.941838
0.148422
0.413985
0.148113
0.162814
0.643867
0.397879
0.592471
0.973916
0.511257
0.302297
0.212462
0.554104
0.412464
0.48785
0.214924
0.898892
0.459035
0.664182
0.853784
0.145062
0.186314
0.812329
0.197148
0.871931
0.457253
0.896142
0.261577
0.504183
0.670906
0.487784
0.888554
0.941266
0.650612
0.432273
0.738134
0.538345
0.586867
0.676098
0.774784
0.563823
0.409884
0.384895
0.620413
0.258426
0.966836
0.475185
0.149585
0.620842
0.378793
0.685175
0.701919
0.0449344
0.952338
0.309622
0.286683
0.933506
0.0208841
0.723755
0.154571
0.413633
0.0906608
0.821268
0.111663
0.278562
0.666405
0.491371
0.950583
0.281163
0.131727
0.259897
0.373837
0.903951
0.0591742
0.219484
0.784338
0.730669
0.324973
0.373813
0.318124
0.54443
0.403462
0.520903
0.49426
0.277426
0.216219
0.800483
0.856924
0.937196
0.910863
0.0304091
0.984691
0.634461
0.944551
0.957159
0.241991
0.837514
0.847168
0.54538
0.647767
0.978182
0.0391894
0.431502
0.23631
0.53434
0.0792454
0.666417
0.285291
0.713998
0.716365
0.87221
0.785973
0.865944
0.121911
0.937969
0.530611
0.74195
0.676199
0.379639
0.19205
0.735542
0.684806
0.488957
0.770491
0.222332
0.39957
0.396432
0.782467
0.126913
0.719269
0.173402
0.566988
0.841315
0.944996
0.0981413
0.0838832
0.620027
0.965215
0.211043
0.579328
0.576576
0.245507
0.283854
0.49356
0.406674
0.998006
0.327972
0.985779
0.962921
0.905518
0.766818
0.45124
0.806081
0.775331
0.397251
0.405527
0.857909
0.497708
0.265065
0.111022
0.280546
0.684075
0.579538
0.320553
0.707477
0.359889
0.79204
0.513236
0.951053
0.0871994
0.963716
0.997502
0.311569
0.89189
0.54722
0.256315
0.612908
0.370615
0.707516
0.909567
0.0897535
0.352421
0.306744
0.668674
0.251354
0.490054
0.678141
0.658354
0.846857
0.155958
0.314034
0.480585
0.0572029
0.0179526
0.59289
0.395765
0.0385827
0.669612
0.670425
0.996047
0.942457
0.690317
0.659786
0.745869
0.537138
0.510005
0.225786
0.764668
0.555935
0.453603
0.718202
0.226779
0.89686
0.340148
0.969144
0.753533
0.798899
0.0115943
0.879479
0.172525
0.11984
0.166312
0.919316
0.0190854
0.840673
0.872269
0.667559
0.154929
0.921545
0.134905
0.515523
0.878998
0.634277
0.894683
0.659606
0.905484
0.49645
0.829346
0.508027
0.584048
0.932046
0.33584
0.62663
0.737222
0.783657
0.0669426
0.348746
0.489995
0.801254
0.397567
0.174117
0.466596
0.232521
0.195763
0.081886
0.729453
0.639745
0.273393
0.882648
0.835351
0.0682783
0.891511
0.734561
0.383767
0.691553
0.695417
0.948526
0.4324
0.0576673
0.454404
0.207421
0.154886
0.0625274
0.981192
0.324404
0.115699
0.774556
0.606046
0.665276
0.537241
0.23596
0.580591
0.359907
0.934121
0.365565
0.786302
0.427722
0.489618
0.0882089
0.122689
0.942257
0.549334
0.815697
0.950173
0.359765
0.607034
0.404324
0.962635
0.136898
0.157673
0.713955
0.864672
0.762444
0.79261
0.89367
0.228525
0.328124
0.912014
0.518972
0.905701
0.76346
0.42945
0.705555
0.368282
0.859699
0.843655
0.324637
0.354922
0.207801
0.0525099
0.444853
0.196527
0.175488
0.284184
0.125714
0.196632
0.0483608
0.520479
0.687628
0.441454
0.460074
0.787357
0.583476
0.414642
0.236572
0.687652
0.996762
0.791708
0.779392
0.550974
0.29132
0.78915
0.113025
0.575801
0.437578
0.443259
0.721347
0.338753
0.540399
0.193614
0.298098
0.046058
0.593466
0.146272
0.536442
0.902205
0.585245
0.391631
0.0825763
0.970782
0.0815049
0.751992
0.778405
0.902507
0.409395
0.333806
0.318282
0.905439
0.568093
0.259608
0.444809
0.332382
0.991012
0.954635
