0.622684
0.111248
0.0633269
0.378732
0.702449
0.806108
0.514607
0.83267
0.364557
0.693311
0.878851
0.0333128
0.290216
0.441478
0.0369284
0.248267
0.157245
0.709072
0.83922
0.653677
0.369083
0.331401
0.666657
0.0173348
0.104098
0.468574
0.874564
0.0302158
0.310221
0.589386
0.744323
0.161465
0.269888
0.166139
0.567844
0.911814
0.360289
0.955408
0.489851
0.340433
0.633939
0.739739
0.732979
0.740229
0.844557
0.405283
0.830686
0.336571
0.543253
0.230374
0.492972
0.884464
0.870036
0.26004
0.729917
0.0391472
0.665629
0.641448
0.858029
0.375143
0.528598
0.795298
0.0144026
0.928736
0.442794
0.29814
0.803692
0.138888
0.600106
0.350642
0.702895
0.0615976
0.0435269
0.706783
0.848956
0.73269
0.755534
0.938996
0.834168
0.554049
0.81678
0.914236
0.134402
0.578286
0.260095
0.355999
0.795138
0.566842
0.244806
0.367262
0.00031579
0.696535
0.176365
0.78938
0.148992
0.789536
0.396287
0.2719
0.0648155
0.941791
0.0674092
0.928332
0.963311
0.424875
0.879453
0.452842
0.801977
0.736282
0.199905
0.57289
0.638195
0.673161
0.295209
0.712806
0.619956
0.304479
0.247269
0.743301
0.23439
0.71663
0.190264
0.691915
0.439119
0.407475
0.49278
0.289405
0.301411
0.203825
0.510249
0.227067
0.770161
0.577359
0.532706
3.13809e-06
0.205667
0.233976
0.55285
0.211314
0.292236
0.851592
0.479428
0.212239
0.958587
0.841368
0.420924
0.953233
0.931079
0.0073798
0.664565
0.920971
0.544744
0.979722
0.975633
0.0363057
0.437134
0.29605
0.8421
0.388147
0.749981
0.0065654
0.289563
0.67829
0.463673
0.677427
0.891504
0.252178
0.489536
0.667612
0.59985
0.590597
0.14493
0.554205
0.0208599
0.137317
0.636164
0.581131
0.761308
0.337664
0.174217
0.00632402
0.469991
0.763032
0.348269
0.222329
0.199548
0.196332
0.382055
0.525347
0.713584
0.553379
0.898021
0.407717
0.364112
0.515217
0.814298
0.248831
0.164311
0.74638
0.999485
0.279493
0.681588
0.57409
0.310253
0.694707
0.375959
0.00339701
0.636747
0.789912
0.00874202
0.943249
0.580814
0.995648
0.746556
0.518506
0.392037
0.685662
0.585641
0.342892
0.786579
0.633451
0.721488
0.627875
0.273852
0.992241
0.488778
0.00249647
0.615979
0.673408
0.496634
0.919133
0.0450876
0.998331
0.584194
0.520192
0.863402
0.498684
0.221484
0.840752
0.0511564
0.74017
0.98061
0.222135
0.507317
0.0446864
0.702266
0.811418
0.548116
0.985932
0.982545
0.0218845
0.288401
0.533447
0.605072
0.829407
0.530794
0.720099
0.543444
0.779777
0.787664
0.707993
0.158983
0.58196
0.0609122
0.127836
0.218803
0.1623
0.00457082
0.566721
0.359192
0.0546559
0.0952117
0.0793668
0.619295
0.00147142
0.43517
0.597776
0.67013
0.640791
0.813578
0.11435
0.363893
0.154208
0.650216
0.513423
0.228593
0.750751
0.447168
0.926251
0.532993
0.861706
0.373297
0.484422
0.546864
0.921384
0.60653
0.346719
0.621548
0.608814
0.0589553
0.874406
0.71584
0.425382
0.109734
0.829964
0.99218
0.483406
0.970819
0.474254
0.108155
0.380648
0.310494
0.437126
0.828317
0.0357613
0.759719
0.236464
0.581308
0.359678
0.926293
0.320658
0.587309
0.637934
0.541823
0.509531
0.180785
0.49893
0.36651
0.708692
0.95356
0.343131
0.476751
0.772324
0.343187
0.108204
0.560542
0.389421
0.291647
0.245088
0.845708
0.868454
0.59935
0.780013
0.285932
0.695473
0.59945
0.337442
0.629606
0.740655
0.777476
0.998962
0.99649
0.988281
0.961273
0.873107
0.587187
0.665157
0.706255
0.25112
0.150424
0.642465
0.500972
0.223651
0.833153
0.986061
0.41799
0.633394
0.0384585
0.530201
0.835079
0.238666
0.916284
0.349713
0.851721
0.962909
0.111964
0.00560011
0.0259251
0.10515
0.397572
0.439083
0.056354
0.386378
0.81108
0.389082
0.0347687
0.706876
0.928336
0.208134
0.893781
0.489478
0.892842
0.951749
0.674919
0.48377
0.828356
0.616202
0.242007
0.906228
0.259302
0.399763
0.064859
0.791287
0.163992
0.862367
0.698278
0.42836
0.28566
0.858719
0.581375
0.759782
0.326311
0.119834
0.7822
0.614697
0.648383
0.358021
0.312679
0.653887
0.109214
0.770299
0.63887
0.900527
0.653333
0.815255
0.011531
0.731889
0.287556
0.138334
0.241996
0.206977
0.0638936
0.520569
0.54837
0.605101
0.695276
0.725753
0.097027
0.0503888
0.42909
0.12104
0.864433
0.0972368
0.803521
0.945993
0.444272
0.151695
0.911718
0.105058
0.424886
0.60379
0.798766
0.358488
0.962031
0.545791
0.616469
0.786695
0.171943
0.951405
0.160948
0.403042
0.969716
0.190916
0.418053
0.790079
0.977994
0.757255
0.741583
0.634205
0.130977
0.078019
0.289324
0.0337753
0.598732
0.288414
0.341895
0.455647
0.656828
0.840143
0.129407
0.215156
0.126273
0.821233
0.790939
0.354537
0.00877129
0.861794
0.0918201
0.794778
0.942286
0.500718
0.523728
0.635913
0.101922
0.888317
0.412601
0.480755
0.171115
0.699899
0.659358
0.657059
0.00813463
0.135274
0.738434
0.213135
0.632904
0.879211
0.579129
0.561882
0.159125
0.897816
0.95477
0.648275
0.296723
0.945864
0.00467684
0.515282
0.0495989
0.660058
0.513956
0.143216
0.233695
0.113224
0.576091
0.437532
0.440374
0.704455
0.263358
0.240057
0.0701149
0.26018
0.930045
0.238653
0.0615087
0.221178
0.773488
0.650329
0.940582
0.790526
0.277919
0.552783
0.815422
0.917487
0.166126
0.739376
0.941119
0.992333
0.483925
0.972558
0.480021
0.127107
0.442447
0.51072
0.0823006
0.897323
0.643232
0.783486
0.91183
0.419602
0.311144
0.090446
0.742377
0.640247
0.160091
0.198321
0.749107
0.709753
0.516558
0.711571
0.620399
0.318258
0.32596
0.0914359
0.614975
0.866929
0.666797
0.198419
0.189343
0.350286
0.397629
0.233202
0.820547
0.824464
0.561863
0.951001
0.649237
0.336413
0.175346
0.0243606
0.568046
0.189033
0.0217798
0.429384
0.380284
0.417249
0.0809401
0.730399
0.653937
0.350024
0.214714
0.138069
0.895988
0.133306
0.735947
0.215927
0.672044
0.0889163
0.485102
0.110366
0.296278
0.784373
0.0397348
0.179049
0.716683
0.688654
0.681776
0.89277
0.220636
0.288893
0.747629
0.885741
0.585782
0.54302
0.986085
0.0293306
0.301218
0.543334
0.549038
0.404225
0.484006
0.266013
0.240026
0.0460354
0.115981
0.281567
0.645575
0.339343
0.225885
0.301222
0.774362
0.935178
0.641808
0.434243
0.829187
0.0669363
0.938938
0.0311988
0.736754
0.139737
0.207632
0.988161
0.0602766
0.468214
0.266794
0.386837
0.91988
0.0377477
0.947563
0.34565
0.54583
0.164132
0.0723227
0.956745
0.0895639
0.926681
0.754012
0.183941
0.31754
0.249769
0.640757
0.596619
0.812898
0.507816
0.730814
0.814543
0.30993
0.528699
0.382818
0.538623
0.78637
0.870614
0.146356
0.0426149
0.938483
0.247365
0.0378401
0.000757778
0.663986
0.977096
0.886701
0.526346
0.177762
0.329458
0.376895
0.296242
0.385399
0.646217
0.408713
0.636326
0.139537
0.110292
0.405918
0.442881
0.00402872
0.0382397
0.19318
0.814922
0.150911
0.571172
0.0688334
0.272449
0.0151916
0.639111
0.697942
0.435654
0.332444
0.0737797
0.450679
0.0400553
0.184222
0.744836
0.811016
0.16257
0.676278
0.594539
0.48073
0.533528
0.874601
0.445854
0.803717
0.809619
0.624261
0.458996
0.135624
0.682782
0.876076
0.111411
0.783788
0.700028
0.146074
0.576193
0.14249
0.669201
0.732791
0.37394
0.648523
0.525677
0.317356
0.173045
0.182068
0.535003
0.57141
0.613429
0.537889
0.706471
0.397825
0.0287095
0.591835
0.292626
0.42924
0.941802
0.787657
0.24972
0.409408
0.208968
0.569135
0.534095
0.0823584
0.687291
0.382522
0.109511
0.214365
0.300598
0.874297
0.540402
0.373737
0.378811
0.90923
0.0460809
0.0934123
0.145746
0.0337645
0.890875
0.0413682
0.230336
0.00970392
0.985197
0.823847
0.0763064
0.0432196
0.572561
0.0463865
0.125274
0.334166
0.877527
0.257673
0.648294
0.570707
0.589594
0.401198
0.100841
0.994264
0.0580174
0.39973
0.876221
0.659761
0.0725751
0.497602
0.332436
0.516198
0.105265
0.98581
0.967469
0.932527
0.887944
0.934918
0.618018
0.293843
0.200897
0.560789
0.556665
0.29289
0.747354
0.848111
0.362479
0.541876
0.988939
0.0567516
0.440061
0.129599
0.817051
0.735914
0.0620203
0.748897
0.935197
0.871112
0.8099
0.0193904
0.827245
0.788954
0.288525
0.630559
0.186628
0.444743
0.9888
0.930113
0.681483
0.717881
0.173936
0.58269
0.930718
0.340098
0.664122
0.923855
0.566031
0.0814842
0.39463
0.63442
0.254853
0.819338
0.622352
0.360069
0.559241
0.114827
0.655791
0.901303
0.505698
0.922458
0.983469
0.598693
0.740934
0.0573655
0.675789
0.538445
0.148569
0.0454071
0.935324
0.203281
0.801767
0.981075
0.67055
0.193627
0.12681
0.0182177
0.968014
0.644123
0.152613
0.118576
0.337936
0.960432
0.721169
0.683129
0.608256
0.501374
0.533937
0.691258
0.342114
0.831366
0.909168
0.972713
0.653766
0.168177
0.125166
0.237405
0.297939
0.65099
0.224484
0.487998
0.907628
0.0537871
0.154068
0.440322
0.255322
0.569037
0.116321
0.576594
0.412675
0.2867
0.00612546
0.456456
0.683608
0.993543
0.808784
0.910819
0.185858
0.917772
0.833912
0.743526
0.955951
0.0439686
0.660257
0.565823
0.452626
0.623349
0.666464
0.388644
0.333687
0.504326
0.0227742
0.597711
0.381298
0.908391
0.0186597
0.936442
0.450713
0.276303
0.601399
0.121673
0.317442
0.809594
0.00059075
0.717196
0.297858
0.332387
0.313598
0.890104
0.518243
0.0985204
0.926939
0.674952
0.707261
0.168993
0.648612
0.370732
0.386884
0.984718
0.426352
0.695652
0.336742
0.759586
0.526836
0.324741
0.20692
0.318849
0.0508161
0.435255
0.154183
0.00780694
0.659194
0.884899
0.37665
0.295814
0.385033
0.647865
0.421897
0.700597
0.406508
0.133678
0.143497
0.657878
0.655793
0.0138571
0.181006
0.961323
0.138882
0.181386
0.838377
0.397791
0.841354
0.468
0.235817
0.202904
0.0950693
