0.829067
0.264557
0.851558
0.28461
0.993351
0.429434
0.0210776
0.748303
0.0795399
0.0319317
0.775585
0.487493
0.623976
0.12914
0.444037
0.48704
0.71002
0.791558
0.959769
0.907586
0.655073
0.472689
0.863966
0.435601
0.299134
0.995896
0.0980878
0.313167
0.769971
0.783372
0.46043
0.672524
0.599792
0.952386
0.601752
0.800135
0.0685009
0.90358
0.434924
0.955612
0.648584
0.0265871
0.833676
0.370165
0.426388
0.147819
0.495349
0.0499156
0.375196
0.345302
0.842791
0.00878054
0.354614
0.755915
0.840279
0.556008
0.711742
0.999644
0.598461
0.263564
0.358762
0.846115
0.643421
0.237998
0.202141
0.748238
0.724787
0.322204
0.798423
0.868193
0.0379053
0.851687
0.11153
0.220337
0.735077
0.590653
0.246611
0.556604
0.600781
0.472713
0.035577
0.618875
0.766147
0.771288
0.349049
0.383599
0.337267
0.324683
0.00994409
0.923674
0.812746
0.440924
0.183596
0.512341
0.165182
0.107234
0.119531
0.594512
0.461867
0.129091
0.119634
0.250036
0.899357
0.824234
0.60801
0.774301
0.127231
0.89604
0.177405
0.00103678
0.73591
0.111868
0.487092
0.992171
0.783522
0.410916
0.887409
0.720038
0.236758
0.0667826
0.645881
0.366611
0.200879
0.529849
0.649783
0.865091
0.813829
0.574179
0.460369
0.308563
0.679221
0.374155
0.593652
0.850861
0.713595
0.135953
0.902703
0.724629
0.282604
0.908388
0.936537
0.00161326
0.501342
0.19884
0.150593
0.720083
0.573644
0.0184822
0.843717
0.00444949
0.0455733
0.982533
0.696727
0.8021
0.847858
0.0899048
0.787574
0.862377
0.0024244
0.807773
0.958034
0.582792
0.868044
0.0857178
0.406999
0.347432
0.799962
0.92452
0.385232
0.982442
0.0986732
0.124782
0.866807
0.953846
0.122628
0.84005
0.0720296
0.932474
0.44022
0.559828
0.716994
0.351116
0.895575
0.147109
0.864595
0.578755
0.463627
0.555635
0.25224
0.337182
0.769056
0.851967
0.970952
0.984586
0.144555
0.167062
0.371215
0.291501
0.102812
0.202652
0.0702493
0.333863
0.097865
0.91727
0.935955
0.128233
0.450379
0.0169758
0.922261
0.634255
0.311968
0.875773
0.631252
0.74929
0.543592
0.510708
0.476667
0.920235
0.383123
0.236638
0.324069
0.99752
0.776824
0.625717
0.482492
0.956303
0.249954
0.396543
0.922797
0.109837
0.191446
0.858029
0.597414
0.440044
0.427679
0.532923
0.736771
0.670288
0.960182
0.586025
0.997212
0.705276
0.742585
0.682113
0.335536
0.0632239
0.371462
0.898537
0.485093
0.925158
0.566344
0.317474
0.908322
0.42642
0.313808
0.922944
0.101072
0.815361
0.550467
0.427461
0.123292
0.104192
0.260238
0.653354
0.231357
0.83711
0.860546
0.0938207
0.487017
0.600527
0.752608
0.278676
0.217763
0.900433
0.910778
0.569701
0.203861
0.0321875
0.386003
0.0107807
0.466981
0.567154
0.598235
0.857712
0.535277
0.0818671
0.293081
0.412624
0.060066
0.754106
0.0372842
0.788143
0.6592
0.451322
0.128497
0.226324
0.861755
0.936201
0.793955
0.597038
0.0294884
0.814435
0.553252
0.701355
0.129827
0.849626
0.620283
0.00431938
0.235247
0.27042
0.219073
0.422647
0.62452
0.694873
0.688767
0.791932
0.360202
0.296879
0.252745
0.638678
0.217913
0.839942
0.326652
0.881921
0.842059
0.202981
0.240572
0.0896285
0.00323013
0.0234424
0.250346
0.914642
0.831954
0.0825448
0.712704
0.335512
0.904276
0.0577058
0.299796
0.326822
0.0537317
0.267193
0.127482
0.584308
0.784838
0.031917
0.672876
0.929687
0.163379
0.279457
0.355879
0.0200537
0.0579769
0.0152472
0.659736
0.987109
0.608409
0.285926
0.665806
0.630966
0.795435
0.259961
0.877181
0.793707
0.987167
0.0503594
0.206549
0.537605
0.337045
0.904574
0.00302699
0.753011
0.90831
0.386763
0.993094
0.820989
0.4001
0.176952
0.0105537
0.955558
0.350082
0.11262
0.390558
0.850705
0.688657
0.0974138
0.902789
0.25701
0.519728
0.50193
0.0985091
0.113028
0.00301184
0.681916
0.946919
0.856288
0.212919
0.238367
0.635352
0.539054
0.849011
0.645116
0.408696
0.373709
0.673024
0.868389
0.322739
0.332864
0.547424
0.603583
0.786742
0.429119
0.95057
0.754373
0.7699
0.299566
0.843369
0.778805
0.546996
0.719954
0.762594
0.527736
0.858046
0.6735
0.0156355
0.200404
0.357031
0.599461
0.851984
0.0421028
0.224736
0.44632
0.486085
0.409218
0.820501
0.154751
0.846907
0.826312
0.248241
0.195128
0.928995
0.660462
0.711392
0.784936
0.620136
0.037705
0.531955
0.410608
0.880519
0.626814
0.708571
0.27928
0.148492
0.915118
0.888732
0.325106
0.847938
0.60157
0.629981
0.395313
0.872112
0.732058
0.82524
0.240858
0.919133
0.201752
0.167153
0.936933
0.55396
0.249825
0.526436
0.357989
0.871939
0.571212
0.119498
0.332568
0.639046
0.670653
0.33983
0.10275
0.783481
0.0838394
0.128736
0.713286
0.113958
0.0908058
0.759907
0.955534
0.139569
0.546561
0.913214
0.490892
0.866115
0.453737
0.912494
0.779097
0.444102
0.902592
0.0023718
0.43609
0.543205
0.00314179
0.539185
0.646644
0.328415
0.434471
0.970985
0.256615
0.912568
0.236209
0.481612
0.169937
0.160651
0.467229
0.173678
0.675298
0.720513
0.356592
0.665907
0.327448
0.155166
0.571492
0.979217
0.0082718
0.0517325
0.22765
0.587073
0.792479
0.981851
0.266641
0.504858
0.243035
0.188697
0.825554
0.293283
0.761272
0.875553
0.22388
0.85084
0.616607
0.970988
0.192366
0.870368
0.281135
0.245456
0.969398
0.834642
0.693634
0.654685
0.889206
0.426079
0.0785838
0.784385
0.0875125
0.225423
0.944533
0.271752
0.94932
0.574549
0.887467
0.0783001
0.923776
0.478337
0.823606
0.489432
0.33131
0.420611
0.277072
0.715535
0.788047
0.969024
0.347145
0.969549
0.872163
0.0442046
0.98026
0.896267
0.657712
0.72782
0.171634
0.227986
0.740414
0.484747
0.721607
0.541884
0.380755
0.674295
0.17175
0.993949
0.389241
0.225505
0.545488
0.904329
0.378873
0.351517
0.518602
0.0694413
0.00967329
0.177956
0.644239
0.675466
0.850614
0.160465
0.257794
0.688559
0.483595
0.166196
0.686296
0.596501
0.474557
0.0944311
0.387589
0.376947
0.836977
0.91125
0.644225
0.567311
0.612338
0.973319
0.436975
0.311087
0.192923
0.51555
0.123008
0.255865
0.0118066
0.178096
0.543848
0.177741
0.224877
0.447205
0.187992
0.207533
0.0102406
0.885163
0.0331252
0.533283
0.109657
0.0244239
0.693144
0.454551
0.237318
0.800659
0.49484
0.663104
0.980647
0.399934
0.109136
0.625299
0.818397
0.394932
0.362286
0.940962
0.880879
0.0452566
0.851441
0.553777
0.0774877
0.636804
0.990176
0.688367
0.216202
0.73515
0.108495
0.388864
0.740522
0.228053
0.232688
0.533988
0.708378
0.0319985
0.169791
0.203808
0.638379
0.33776
0.521695
0.272962
0.848188
0.270126
0.254034
0.105515
0.910068
0.836594
0.444751
0.226312
0.84862
0.040208
0.837269
0.843968
0.705779
0.0313313
0.823396
0.100343
0.0979154
0.173653
0.480953
0.921619
0.39012
0.899125
0.291089
0.345943
0.112754
0.226977
0.160156
0.202669
0.24513
0.821906
0.371468
0.0180454
0.991369
0.466149
0.09162
0.0225979
0.673474
0.82078
0.0564652
0.134955
0.366628
0.350983
0.0619077
0.79736
0.90156
0.290395
0.884328
0.53768
0.859238
0.519542
0.255565
0.132931
0.182633
0.233301
0.517863
0.249438
0.0307833
0.27246
0.583196
0.43455
0.499926
0.99433
0.822513
0.334898
0.836926
0.55735
0.509573
0.0161755
0.769769
0.494957
0.444453
0.259618
0.580434
0.453187
0.381827
0.709829
0.544728
0.967725
0.888784
0.749407
0.364454
0.154655
0.257537
0.974968
0.216738
0.190564
0.097603
0.149733
0.0454971
0.45654
0.232848
0.507837
0.720188
0.221225
0.528117
0.28502
0.686612
0.738089
0.270597
0.350939
0.735075
0.631556
0.730827
0.818096
0.510554
0.447403
0.52846
0.502288
0.390164
0.242012
0.427615
0.109555
0.352832
0.0858251
0.187038
0.0248536
0.466036
0.35589
0.0898617
0.577106
0.61488
0.692278
0.778054
0.655936
0.0982584
0.493812
0.0166041
0.554944
0.717214
0.827658
0.0123874
0.916507
0.980533
0.628068
0.912629
0.653168
0.0524713
0.0592128
0.108232
0.720618
0.0677348
0.91696
0.966605
0.617144
0.438598
0.944897
0.619293
0.48476
0.779177
0.939203
0.429233
0.686824
0.0719636
0.517789
0.76277
0.737238
0.70156
0.428308
0.691309
0.456191
0.98047
0.270421
0.247635
0.227528
0.792254
0.506945
0.861941
0.232601
0.976705
0.63919
0.602622
0.535723
0.0823404
0.421297
0.846608
0.896181
0.111036
0.988694
0.004472
0.181816
0.879777
0.7755
0.925273
0.259171
0.624735
0.096138
0.605941
0.235124
0.472439
0.265925
0.830559
0.925284
0.403154
0.135708
0.364038
0.423673
0.331395
0.915635
0.32584
0.649183
0.928772
0.162935
0.36806
0.743523
0.813865
0.808734
0.283409
0.195723
0.73439
0.0990494
0.667786
0.568201
0.366473
0.324713
0.262546
0.699405
0.356214
0.215431
0.601522
0.258039
0.228318
0.872867
0.587642
0.523751
0.78699
0.117857
0.624304
0.269568
0.634068
0.126615
0.926394
0.620655
0.429161
0.231029
0.635996
0.764878
0.517179
0.757974
0.367864
0.389749
0.547916
0.782825
0.809423
0.721019
0.712915
0.671828
0.000624252
0.037815
0.224404
0.288723
0.918431
0.539337
0.661544
0.740338
0.990906
0.438121
0.808769
0.536205
0.166118
0.154873
0.611417
0.0373521
0.160664
0.489824
0.873392
0.0690642
0.512876
0.645715
0.322169
0.572731
0.0657599
0.977324
0.66589
0.171829
0.504565
0.342454
0.267709
0.526782
0.574091
0.929664
0.0623094
0.354126
0.600623
0.437439
0.339513
0.984549
0.943655
0.479895
0.02025
0.33508
0.00215747
0.0942181
0.0495878
0.170282
0.400723
0.22444
0.531972
0.52761
0.980137
0.056931
0.233707
0.181715
0.217939
0.0824488
0.0775391
0.0228969
0.703449
0.759647
0.254509
0.224554
0.292505
0.655248
0.577937
0.0747314
0.567051
0.935735
0.704605
0.346724
0.224221
0.085624
0.848162
0.083808
0.0201566
0.72727
0.609679
