0.102934
0.207759
0.320146
0.0510448
0.424954
0.0903236
0.717351
0.491196
0.491013
0.525317
0.73278
0.66883
0.417957
0.488277
0.168047
0.61379
0.170318
0.497802
0.453947
0.243464
0.375258
0.060376
0.984931
0.366199
0.33282
0.701128
0.211385
0.95816
0.846495
0.455532
0.114735
0.588619
0.499103
0.697046
0.69035
0.868689
0.99898
0.175683
0.0632722
0.79849
0.221489
0.142524
0.861745
0.887755
0.570827
0.435168
0.473564
0.924874
0.287163
0.399118
0.810239
0.269371
0.324075
0.520106
0.203963
0.542828
0.421301
0.642351
0.0623994
0.593235
0.997813
0.647766
0.906279
0.607783
0.490189
0.471085
0.41481
0.2491
0.761307
0.325945
0.103903
0.689913
0.204352
0.0168947
0.262201
0.421156
0.167125
0.212343
0.769934
0.708514
0.32168
0.553448
0.425572
0.572401
0.604258
0.473938
0.405303
0.16638
0.350549
0.605876
0.480316
0.429016
0.25125
0.646357
0.616898
0.884172
0.75295
0.560149
0.584346
0.464739
0.529318
0.993259
0.195689
0.234801
0.647611
0.772453
0.80622
0.885245
0.055484
0.365701
0.694852
0.877798
0.0131247
0.178565
0.953266
0.112515
0.0956921
0.561521
0.507896
0.993689
0.391071
0.403224
0.899705
0.769214
0.517939
0.184706
0.446788
0.0183721
0.0891434
0.369512
0.414778
0.163067
0.245396
0.00477304
0.820075
0.877491
0.884274
0.408222
0.490872
0.271231
0.209537
0.81614
0.0110121
0.720811
0.225757
0.867242
0.171642
0.224672
0.803259
0.797503
0.555687
0.156593
0.938376
0.22092
0.880137
0.292541
0.834013
0.37121
0.721143
0.985969
0.425528
0.679447
0.246927
0.366545
0.976923
0.562636
0.583507
0.437318
0.372348
0.298226
0.438227
0.945326
0.727916
0.859559
0.606111
0.900639
0.948833
0.587253
0.984019
0.618835
0.856842
0.571533
0.717621
0.161927
0.512971
0.620487
0.106182
0.0527069
0.360605
0.689267
0.890159
0.137549
0.813861
0.645227
0.546613
0.472633
0.916283
0.243995
0.217429
0.108618
0.694841
0.191487
0.895355
0.648741
0.834254
0.166855
0.492843
0.455367
0.296612
0.681372
0.418718
0.379965
0.511324
0.64826
0.287644
0.891527
0.760365
0.538449
0.38741
0.478423
0.383848
0.997277
0.529032
0.198697
0.430901
0.797127
0.904656
0.253794
0.380857
0.0010006
0.578289
0.460727
0.559762
0.21203
0.234326
0.497687
0.877184
0.783927
0.808905
0.798082
0.508352
0.867371
0.62906
0.968021
0.146587
0.167331
0.684701
0.602228
0.451064
0.286328
0.658392
0.373401
0.314874
0.528637
0.337956
0.270001
0.578404
0.0404192
0.0368766
0.857487
0.81303
0.1608
0.64753
0.43798
0.800117
0.858877
0.952211
0.983374
0.33034
0.131675
0.81699
0.71687
0.948309
0.238025
0.893365
0.217966
0.267515
0.643395
0.452737
0.925868
0.480577
0.550649
0.978698
0.91635
0.689817
0.891746
0.142126
0.827045
0.68313
0.655377
0.784095
0.806173
0.780183
0.425541
0.531597
0.359715
0.373915
0.00605244
0.671081
0.972013
0.792353
0.00599498
0.904795
0.374817
0.105743
0.261106
0.614952
0.33976
0.503989
0.966101
0.260698
0.869282
0.869412
0.392934
0.532899
0.660983
0.169808
0.0700025
0.89174
0.720415
0.296835
0.297275
0.112132
0.997314
0.9747
0.872373
0.461937
0.920267
0.364163
0.902579
0.138005
0.704817
0.986856
0.577787
0.585015
0.310008
0.59491
0.779388
0.322143
0.918363
0.610894
0.400096
0.902528
0.814305
0.763076
0.249708
0.630564
0.53601
0.540982
0.421805
0.66199
0.175698
0.0962785
0.996386
0.111807
0.703371
0.213963
0.953444
0.794995
0.188971
0.97887
0.172481
0.225054
0.797994
0.762483
0.392949
0.495345
0.435529
0.155068
0.0106451
0.668257
0.913738
0.468112
0.58503
0.297174
0.517775
0.432078
0.932494
0.706264
0.845141
0.714471
0.680551
0.653074
0.79348
0.883217
0.157982
0.998941
0.571804
0.440356
0.495903
0.0122158
0.610164
0.551043
0.814781
0.929298
0.242758
0.0928664
0.37238
0.398481
0.0394673
0.650476
0.54765
0.431616
0.660844
0.0805251
0.535551
0.488581
0.111526
0.271924
0.627814
0.31957
0.267089
0.726407
0.954641
0.190185
0.549346
0.584409
0.562339
0.114354
0.625074
0.721261
0.701898
0.720045
0.0031819
0.53869
0.203503
0.372807
0.405317
0.0766385
0.811977
0.182117
0.784908
0.070391
0.358176
0.515538
0.869644
0.578017
0.641307
0.645693
0.102394
0.803123
0.897193
0.155051
0.855563
0.737923
0.727471
0.72352
0.793882
0.251611
0.364728
0.923866
0.260642
0.24906
0.148578
0.649927
0.56236
0.524819
0.08767
0.802652
0.0268838
0.937432
0.38264
0.85895
0.709936
0.529071
0.784997
0.948346
0.625097
0.21547
0.666947
0.062457
0.372216
0.671183
0.677154
0.0222774
0.0392749
0.0351525
0.857441
0.828274
0.252675
0.0615831
0.0954244
0.0182983
0.25097
0.341137
0.78809
0.658308
0.857035
0.217437
0.591306
0.590903
0.223669
0.0238809
0.130267
0.566674
0.22764
0.265774
0.545887
0.883358
0.387164
0.372767
0.752119
0.157817
0.177828
0.646612
0.279221
0.855821
0.621935
0.0292281
0.577949
0.204642
0.0263098
0.316081
0.659701
0.113471
0.743518
0.439875
0.947584
0.726633
0.831542
0.449552
0.213434
0.234631
0.486883
0.809617
0.475756
0.567984
0.126103
0.644757
0.733618
0.598895
0.990808
0.55479
0.411472
0.475719
0.151065
0.624916
0.389916
0.71525
0.782256
0.256282
0.497394
0.677819
0.590373
0.441864
0.33783
0.0502031
0.260747
0.112656
0.329208
0.961348
0.805218
0.179173
0.828077
0.355905
0.682737
0.893273
0.215006
0.250577
0.568412
0.155279
0.815965
0.498278
0.645988
0.391424
0.534654
0.685108
0.298763
0.626605
0.0707637
0.785137
0.0739465
0.377449
0.599173
0.198001
0.79545
0.990689
0.785087
0.794316
0.700118
0.0518624
0.0101099
0.593898
0.472398
0.489307
0.68426
0.701797
0.052442
0.998482
0.518914
0.127147
0.0926534
0.411597
0.6357
0.109827
0.937665
0.63755
0.386313
0.57993
0.00275862
0.797186
0.758287
0.37505
0.425719
0.178859
0.241686
0.840383
0.867127
0.639314
0.0317435
0.436631
0.334092
0.0748782
0.442439
0.980728
0.902418
0.587961
0.406005
0.144375
0.212209
0.973877
0.933381
0.83539
0.611913
0.152969
0.410597
0.0868617
0.825801
0.173051
0.606098
0.0791288
0.0198875
0.407166
0.26401
0.919562
0.141283
0.571647
0.15833
0.80516
0.40599
0.189498
0.483074
0.192966
0.81013
0.124086
0.453342
0.603283
0.539615
0.808145
0.992336
0.680712
0.153249
0.793091
0.379303
0.138
0.414276
0.243652
0.733429
0.207703
0.645356
0.00281067
0.208658
0.226651
0.481986
0.852054
0.774455
0.97824
0.899351
0.591945
0.457505
0.417528
0.387625
0.567996
0.919352
0.404143
0.150693
0.266868
0.24497
0.0680084
0.203323
0.607864
0.817276
0.432876
0.241773
0.554756
0.15258
0.922674
0.162829
0.672906
0.571971
0.375671
0.106292
0.256711
0.58364
0.191442
0.895889
0.652357
0.851146
0.235657
0.753634
0.400885
0.622608
0.127682
0.162618
0.826569
0.49585
0.535982
0.753242
0.695607
0.394469
0.10635
0.08788
0.570128
0.629849
0.647938
0.218991
0.482505
0.924109
0.202107
0.895658
0.554987
0.268994
0.619086
0.293569
0.189635
0.495694
0.267446
0.143433
0.453584
0.430606
0.501383
0.132841
0.284602
0.512039
0.510817
0.456555
0.141973
0.742843
0.179304
0.390237
0.727687
0.853989
0.574753
0.762621
0.402944
0.554078
0.697969
0.201116
0.924972
0.73979
0.113994
0.0258492
0.129153
0.542274
0.0912688
0.667148
0.181466
0.0844669
0.873609
0.481454
0.0262412
0.82436
0.709987
0.840685
0.654227
0.359195
0.267129
0.370021
0.815966
0.565603
0.0499277
0.20914
0.805489
0.950678
0.454663
0.171881
0.93932
0.0889864
0.0800391
0.679357
0.355788
0.0205209
0.921029
0.341488
0.759662
0.484583
0.0705391
0.0619896
0.737086
0.864608
0.553877
0.541788
0.265837
0.71893
0.92104
0.0558758
0.0458929
0.772475
0.221813
0.378603
0.275305
0.244404
0.988674
0.732411
0.496397
0.386684
0.852525
0.634998
0.137263
0.108598
0.416218
0.519925
0.373588
0.5622
0.0109096
0.00565977
0.935772
0.563694
0.960217
0.688056
0.486378
0.725766
0.977194
0.331271
0.19288
0.175839
0.319113
0.332125
0.120733
0.735277
0.325063
0.332887
0.0717502
0.434519
0.961364
0.857512
0.492794
0.239155
0.999784
0.846306
0.0797824
0.861936
0.453577
0.964032
0.702002
0.535725
0.89633
0.556451
0.271741
0.622382
0.288624
0.130307
0.184225
0.932589
0.937506
0.231739
0.952877
0.631612
0.213775
0.598143
0.664881
0.606
0.652077
0.458458
0.882057
0.166223
0.0588178
0.856904
0.612062
0.960241
0.252886
0.875143
0.974885
0.973025
0.0641851
0.627889
0.189665
0.486996
0.214985
0.906949
0.506826
0.878419
0.709079
0.348704
0.71051
0.124725
0.353759
2.77138e-05
0.816337
0.897771
0.0395971
0.15764
0.589468
0.118043
0.403048
0.355903
0.507985
0.844787
0.496855
0.378047
0.796585
0.37709
0.0932752
0.165843
0.155578
0.440886
0.245114
0.502705
0.81021
0.33691
0.729571
0.345237
0.505286
0.924579
0.999904
0.678208
0.0701158
0.316823
0.269897
0.767973
0.178766
0.160841
0.35615
0.689329
0.930627
0.379803
0.903172
0.000806791
0.876291
0.250486
0.616296
0.443402
0.113744
0.69185
0.127398
0.537742
0.0798706
0.639545
0.118433
0.954694
0.662268
0.381366
0.327782
0.534403
0.256378
0.728636
0.064417
0.82878
0.392925
0.898531
0.854866
0.0424108
0.560674
0.982344
0.848003
0.246919
0.849492
0.874679
0.602645
0.743756
0.0387333
0.538594
0.882962
0.45043
0.755924
0.481669
0.0866993
0.185177
0.33077
0.318023
0.931212
0.725064
0.969473
0.291262
0.0223151
0.512533
0.874359
0.633362
0.93094
0.88538
0.93382
0.634499
0.402611
0.705177
0.607566
0.298804
0.324727
0.259123
0.632196
0.46107
0.0766614
0.310337
0.172069
0.239382
0.887673
0.171593
0.0405056
0.698696
0.827624
0.677484
0.616283
0.600346
