0.120178
0.347686
0.00451484
0.897913
0.346847
0.999861
0.877543
0.266509
0.701167
0.808428
0.54006
0.964509
0.926515
0.878514
0.932448
0.68806
0.736328
0.225434
0.725649
0.324988
0.419088
0.58963
0.765991
0.289276
0.841735
0.446926
0.105946
0.613341
0.726527
0.839096
0.495833
0.423139
0.0763309
0.649738
0.211453
0.421072
0.623353
0.950474
0.0926624
0.0017116
0.176308
0.0424429
0.667887
0.625334
0.741022
0.818127
0.239568
0.0742655
0.289478
0.0684753
0.805554
0.217047
0.052295
0.360346
0.691419
0.905403
0.209648
0.10926
0.768727
0.629028
0.85562
0.472469
0.134234
0.553184
0.110998
0.687333
0.125018
0.564111
0.259502
0.480013
0.54456
0.947249
0.782453
0.169471
0.974753
0.323276
0.166879
0.0917934
0.0488483
0.466949
0.362059
0.969813
0.560348
0.633772
0.7595
0.853054
0.282824
0.0194628
0.571358
0.252985
0.375684
0.977242
0.482294
0.0985864
0.250868
0.617929
0.449765
0.137228
0.775484
0.417851
0.527753
0.40586
0.685385
0.459567
0.588938
0.39752
0.0846813
0.930405
0.820299
0.548145
0.906186
0.503805
0.867158
0.668704
0.207803
0.228482
0.500663
0.947637
0.179856
0.5504
0.683702
0.14861
0.73834
0.0925542
0.910262
0.628581
0.579133
0.81757
0.693218
0.80118
0.568123
0.198112
0.0755683
0.6704
0.342285
0.0201108
0.0400992
0.0595981
0.996696
0.443792
0.692491
0.160816
0.732479
0.947529
0.0928612
0.0294075
0.340695
0.779499
0.610745
0.648978
0.397161
0.542161
0.678515
0.191642
0.0432191
0.534534
0.818232
0.098586
0.227429
0.477301
0.816943
0.605949
0.283209
0.245715
0.925408
0.341014
0.717408
0.235325
0.955273
0.613712
0.0848195
0.985507
0.149667
0.0284384
0.823627
0.685816
0.702254
0.0411805
0.926795
0.190143
0.799708
0.0869608
0.32439
0.16369
0.062633
0.90259
0.851844
0.987752
0.259917
0.669734
0.679154
0.047318
0.171525
0.603291
0.0760162
0.02648
0.474734
0.610085
0.387904
0.836655
0.528794
0.642871
0.098076
0.80262
0.933038
0.374645
0.850528
0.731362
0.733423
0.818281
0.308877
0.488734
0.152512
0.516467
0.726189
0.708932
0.717892
0.926961
0.100738
0.261778
0.664026
0.628157
0.792705
0.102816
0.482552
0.969964
0.476817
0.131227
0.496007
0.794997
0.30592
0.680546
0.33
0.855081
0.160489
0.267202
0.158815
0.548068
0.85908
0.221862
0.599454
0.599967
0.204715
0.828593
0.129119
0.31738
0.742208
0.596834
0.901128
0.035263
0.101425
0.291183
0.834273
0.384989
0.801482
0.343991
0.850608
0.00772656
0.390886
0.275777
0.136687
0.338131
0.798605
0.748444
0.303225
0.0833515
0.771081
0.876323
0.318208
0.022342
0.270181
0.420011
0.0884321
0.750495
0.707083
0.488039
0.564488
0.994582
0.887096
0.37134
0.244177
0.123004
0.540428
0.135537
0.949366
0.476362
0.313883
0.596038
0.75128
0.143336
0.0984956
0.300949
0.919236
0.806872
0.568107
0.146795
0.767807
0.28569
0.803876
0.252053
0.277429
0.396098
0.879731
0.713504
0.363444
0.759125
0.283753
0.870393
0.668582
0.177956
0.0504997
0.701395
0.753875
0.210691
0.479272
0.97941
0.563017
0.56341
0.313307
0.809152
0.0351535
0.92855
0.25492
0.172565
0.741114
0.893601
0.691575
0.107042
0.41808
0.545103
0.507898
0.141462
0.277688
0.39297
0.858628
0.615038
0.962576
0.240113
0.777499
0.503975
0.0263602
0.622385
0.497069
0.380946
0.812058
0.443833
0.354478
0.132373
0.603937
0.432264
0.158151
0.0585289
0.927815
0.0401271
0.890431
0.981444
0.874783
0.415701
0.621157
0.985632
0.323381
0.0695999
0.50717
0.416621
0.935197
0.86159
0.75277
0.762306
0.798913
0.932718
0.406095
0.0421062
0.597785
0.207752
0.866451
0.328937
0.175561
0.0929367
0.977571
0.0289961
0.375837
0.994058
0.581815
0.544363
0.0298491
0.279824
0.410304
0.943407
0.967703
0.315555
0.184001
0.26401
0.928046
0.192188
0.800715
0.0746005
0.241166
0.775591
0.483055
0.918005
0.160541
0.701197
0.762313
0.263106
0.717816
0.93894
0.173295
0.589313
0.976221
0.553511
0.535074
0.228849
0.557428
0.284925
0.692696
0.591851
0.316843
0.5744
0.594812
0.399274
0.042336
0.660547
0.582257
0.548621
0.0514102
0.370875
0.762557
0.23747
0.561806
0.233607
0.345382
0.96983
0.710547
0.534809
0.813929
0.0702955
0.0964151
0.945831
0.80725
0.33102
0.720874
0.346062
0.588511
0.416503
0.202421
0.465997
0.974193
0.651187
0.139382
0.975611
0.599228
0.814866
0.496142
0.643058
0.393072
0.57091
0.88781
0.188668
0.141719
0.152301
0.638329
0.459269
0.0106491
0.930476
0.487016
0.54781
0.903714
0.491994
0.818543
0.483308
0.532963
0.848003
0.291355
0.1161
0.0744046
0.401528
0.739526
0.823407
0.284705
0.297567
0.223053
0.660217
0.953826
0.781002
0.101582
0.580472
0.568596
0.187324
0.00658163
0.353577
0.0622254
0.191162
0.586945
0.80121
0.524755
0.937639
0.903035
0.979459
0.749442
0.681523
0.34416
0.931255
0.490083
0.559208
0.944501
0.634131
0.304279
0.118494
0.972456
0.768288
0.85763
0.231186
0.668441
0.929974
0.563878
0.0135035
0.0061172
0.915172
0.435975
0.379306
0.352061
0.698607
0.0230985
0.851125
0.898865
0.733064
0.308599
0.254013
0.746688
0.194013
0.443887
0.917202
0.508229
0.794553
0.193259
0.00857981
0.312147
0.795663
0.964657
0.626971
0.0799194
0.836774
0.301367
0.277239
0.951132
0.211641
0.709659
0.35319
0.732209
0.214539
0.69736
0.253303
0.243583
0.181768
0.898362
0.75426
0.4403
0.853464
0.158078
0.267294
0.181063
0.680731
0.454822
0.602352
0.520708
0.703086
0.532139
0.865064
0.401129
0.621204
0.117062
0.111531
0.615629
0.689995
0.599313
0.385922
0.921712
0.0569744
0.0464421
0.765883
0.177317
0.170958
0.429897
0.0407601
0.375485
0.886067
0.93704
0.647637
0.452462
0.886041
0.244091
0.490178
0.744245
0.0538706
0.625021
0.265292
0.966561
0.411736
0.771372
0.922605
0.593284
0.256263
0.198018
0.881742
0.508295
0.114086
0.109868
0.63243
0.805767
0.142733
0.6045
0.342401
0.613903
0.601811
0.0857367
0.098122
0.817102
0.0195115
0.763155
0.403326
0.55156
0.679429
0.112537
0.560359
0.34932
0.0526888
0.172257
0.559343
0.805746
0.800387
0.550605
0.100149
0.645447
0.971346
0.0190478
0.372176
0.0616277
0.0201798
0.566429
0.216958
0.203883
0.270675
0.789107
0.298566
0.689428
0.44948
0.492026
0.906834
0.0127697
0.91511
0.375731
0.0183971
0.728806
0.207261
0.684314
0.240533
0.284373
0.541444
0.689304
0.262826
0.373226
0.873921
0.884488
0.441641
0.689455
0.161961
0.766675
0.142403
0.954339
0.444408
0.0773961
0.464702
0.0916457
0.367558
0.380536
0.975197
0.426353
0.781349
0.850914
0.0733423
0.781825
0.0308694
0.148791
0.614922
0.350411
0.568169
0.25532
0.418395
0.212492
0.509394
0.143934
0.279061
0.378962
0.76222
0.162668
0.116026
0.232142
0.348617
0.00242416
0.876993
0.24014
0.547905
0.126166
0.825857
0.819642
0.485139
0.534061
0.838115
0.222139
0.789801
0.739549
0.329091
0.318603
0.949798
0.831359
0.439969
0.157585
0.985787
0.496454
0.106641
0.171761
0.0707957
0.878922
0.636368
0.907913
0.720169
0.149795
0.41725
0.155345
0.176821
0.662817
0.385516
0.347741
0.616802
0.571139
0.875618
0.113456
0.800177
0.779955
0.47814
0.849247
0.792217
0.11008
0.530527
0.192441
0.379904
0.547458
0.865611
0.266541
0.808747
0.453615
0.442966
0.575268
0.464908
0.61204
0.488067
0.420042
0.127649
0.985516
0.764258
0.715901
0.417081
0.0593784
0.602543
0.0808536
0.0622323
0.645712
0.31418
0.0736754
0.614428
0.0234915
0.611093
0.455137
0.230981
0.289654
0.659094
0.347673
0.154195
0.796112
0.388916
0.168488
0.510681
0.5477
0.690066
0.211097
0.0559886
0.436063
0.112479
0.750309
0.489543
0.184481
0.700996
0.545644
0.964905
0.878631
0.587644
0.618188
0.420329
0.958284
0.96674
0.175885
0.354652
0.544944
0.0777943
0.562271
0.673477
0.980421
0.821238
0.103636
0.230679
0.451344
0.631955
0.729637
0.690224
0.574608
0.235634
0.242334
0.333295
0.818763
0.912924
0.108675
0.435735
0.636337
0.896407
0.651411
0.8408
0.182098
0.52539
0.513455
0.352225
0.492253
0.783492
0.270672
0.572606
0.999586
0.844063
0.0681093
0.812085
0.259529
0.248404
0.154667
0.692363
0.762177
0.341799
0.1912
0.0710067
0.705238
0.592368
0.207066
0.911085
0.602915
0.417722
0.0801007
0.721107
0.605733
0.144439
0.415038
0.190275
0.406303
0.72535
0.695367
0.644053
0.606018
0.839631
0.583621
0.945047
0.41769
0.00072087
0.245113
0.46419
0.579125
0.297038
0.570099
0.747255
0.352636
0.390518
0.169388
0.501663
0.485488
0.397962
0.0183788
0.528617
0.00629061
0.280194
0.624548
0.225541
0.732318
0.364037
0.593361
0.283837
0.362771
0.622095
0.467633
0.206946
0.0329778
0.335353
0.715319
0.273733
0.204531
0.763587
0.740743
0.572175
0.76636
0.448585
0.794271
0.728364
0.221742
0.775182
0.655411
0.955825
0.836257
0.415111
0.964358
0.0501476
0.621665
0.27866
0.0769764
0.953921
0.0307389
0.599144
0.318215
0.516994
0.238023
0.775195
0.508965
0.0770363
0.88153
0.595854
0.641351
0.485423
0.140382
0.473483
0.577461
0.203421
0.0233801
0.30949
0.646517
0.093696
0.743521
0.617861
0.0154798
0.532127
0.0534419
0.531511
0.708089
0.464936
0.41681
0.31644
0.147348
0.0361295
0.890646
0.0187079
0.0964374
0.410253
0.593584
0.869221
0.873074
0.415457
0.635073
0.0713272
0.712303
0.631874
0.380515
0.596227
0.152727
0.550312
0.927335
0.611198
0.321174
0.42626
0.666995
0.165626
0.990806
0.4542
0.807943
0.759857
0.287659
0.887239
0.7345
0.421854
0.920623
0.727049
0.0766859
0.916673
0.809863
0.609124
0.365976
0.713743
0.988671
0.508341
0.152006
0.33697
0.653762
0.889844
0.455206
0.722642
0.239002
0.930231
0.430373
0.210156
0.387577
0.434064
