0.000928713
0.0728513
0.374777
0.667521
0.920893
0.721105
0.306122
0.730484
0.636934
0.91149
0.235627
0.766395
0.454976
0.0899968
0.489345
0.827397
0.351203
0.516854
0.70543
0.80893
0.589731
0.248463
0.697911
0.638685
0.363722
0.377146
0.156394
0.660894
0.584937
0.903702
0.306712
0.590908
0.946722
0.617779
0.657503
0.415107
0.385435
0.361058
0.957732
0.611113
0.0653079
0.0482475
0.490146
0.0633142
0.0117481
0.820894
0.825669
0.0487105
0.518078
0.709002
0.163736
0.668061
0.450707
0.175468
0.38356
0.0973509
0.577752
0.918326
0.93134
0.0345689
0.0460783
0.305806
0.668408
0.716796
0.131797
0.819209
0.805304
0.88261
0.389185
0.878582
0.0468045
0.0547978
0.32305
0.426223
0.0728733
0.518384
0.709534
0.642985
0.480558
0.368969
0.690346
0.172398
0.311822
0.00638713
0.765442
0.227602
0.292315
0.448663
0.809138
0.956095
0.906078
0.841296
0.234659
0.437289
0.431188
0.536845
0.432128
0.687882
0.0613427
0.119836
0.604993
0.0500441
0.238378
0.75197
0.129888
0.337409
0.320724
0.212657
0.564936
0.113888
0.712802
0.00985342
0.431485
0.480285
0.580354
0.936213
0.894287
0.743734
0.276716
0.445552
0.465109
0.344946
0.60502
0.22463
0.854782
0.418266
0.041342
0.335235
0.0986939
0.359542
0.0437837
0.301588
0.0807122
0.776812
0.572491
0.518058
0.580547
0.198799
0.945611
0.35219
0.969554
0.916219
0.156189
0.318043
0.679971
0.330903
0.774995
0.694842
0.572593
0.18773
0.564301
0.965947
0.327889
0.0643719
0.927581
0.453125
0.985547
0.493855
0.320159
0.521144
0.75747
0.0949298
0.745791
0.727671
0.239193
0.0852522
0.464183
0.293492
0.144755
0.552383
0.0344499
0.268036
0.689992
0.857596
0.819508
0.765216
0.749281
0.547496
0.0764099
0.64458
0.910712
0.148457
0.75761
0.0127779
0.554705
0.218863
0.148176
0.920337
0.0810574
0.034174
0.463929
0.628752
0.409433
0.279788
0.535529
0.82289
0.878288
0.126732
0.703493
0.143702
0.667237
0.0651551
0.0491537
0.416251
0.86785
0.870636
0.0865496
0.948054
0.327891
0.0783056
0.0402619
0.272732
0.393996
0.339782
0.834182
0.713974
0.677785
0.0379135
0.916217
0.144819
0.970414
0.534339
0.043939
0.31724
0.430559
0.424859
0.156161
0.13705
0.170848
0.17762
0.455461
0.259117
0.367721
0.529106
0.826637
0.37789
0.0197298
0.0129555
0.716102
0.588237
0.479278
0.996574
0.597215
0.191602
0.882796
0.600573
0.146555
0.322466
0.604355
0.876014
0.25612
0.770127
0.857717
0.614468
0.0064797
0.370786
0.571825
0.165886
0.725852
0.344956
0.664725
0.639281
0.260125
0.955168
0.840933
0.861229
0.578813
0.859006
0.0372331
0.467173
0.841953
0.532443
0.641918
0.500543
0.0529345
0.138494
0.612463
0.894697
0.422269
0.216182
0.616641
0.212657
0.567299
0.564815
0.322071
0.0196778
0.67284
0.698572
0.959208
0.263609
0.737765
0.246411
0.282771
0.0380842
0.0325237
0.672283
0.0565994
0.103516
0.892597
0.690654
0.186961
0.540904
0.972894
0.752352
0.629288
0.913456
0.0880832
0.975714
0.193349
0.311021
0.763863
0.898054
0.371869
0.652336
0.624166
0.422437
0.317575
0.620086
0.739308
0.334775
0.0936846
0.603771
0.0600652
0.766222
0.322836
0.0253957
0.062697
0.975892
0.359447
0.422959
0.729902
0.82889
0.110516
0.666768
0.992712
0.344644
0.629864
0.683554
0.758326
0.690566
0.610806
0.0634117
0.648875
0.996009
0.902267
0.924541
0.576137
0.36155
0.173331
0.410809
0.277174
0.438576
0.851231
0.197115
0.935916
0.954191
0.457773
0.377583
0.0156838
0.556426
0.469202
0.11155
0.427643
0.354767
0.8245
0.40238
0.160197
0.531
0.207124
0.384079
0.494326
0.395355
0.225186
0.490737
0.929846
0.262978
0.615061
0.883766
0.947626
0.525706
0.593441
0.511964
0.732726
0.294156
0.482823
0.179383
0.983481
0.985125
0.735433
0.996013
0.931523
0.229313
0.480591
0.586282
0.697733
0.474342
0.720512
0.430358
0.109139
0.658098
0.299543
0.713274
0.101748
0.327385
0.771839
0.0568641
0.834314
0.576891
0.292477
0.509503
0.638046
0.183462
0.657007
0.168669
0.927254
0.310692
0.614438
0.811316
0.195926
0.158828
0.578668
0.907054
0.225254
0.934985
0.863341
0.389146
0.627087
0.518667
0.565157
0.558319
0.848325
0.197617
0.220599
0.494382
0.761255
0.848962
0.361118
0.35066
0.964817
0.940678
0.0917428
0.906243
0.921812
0.728371
0.81813
0.751041
0.0570458
0.0223654
0.247053
0.478658
0.941413
0.900105
0.785328
0.262072
0.686915
0.738869
0.462179
0.187135
0.677618
0.943799
0.500033
0.718881
0.761546
0.746239
0.658767
0.675643
0.0285131
0.447389
0.478374
0.0859916
0.298896
0.482267
0.545084
0.303479
0.448338
0.678989
0.905911
0.754197
0.693392
0.0883555
0.756644
0.692149
0.963107
0.758759
0.528267
0.337434
0.481546
0.831396
0.49683
0.772241
0.686241
0.330791
0.0417449
0.96966
0.607589
0.0256427
0.677524
0.3303
0.834185
0.734972
0.983958
0.101726
0.189089
0.454589
0.559727
0.055703
0.242037
0.678869
0.124453
0.798254
0.78258
0.292842
0.894187
0.0875331
0.379173
0.409597
0.355335
0.534508
0.149186
0.527995
0.562022
0.0614566
0.86487
0.385698
0.0818922
0.493274
0.520245
0.882507
0.715347
0.656596
0.483935
0.449016
0.113222
0.361732
0.362936
0.235574
0.417899
0.642407
0.702324
0.496567
0.0528565
0.628329
0.645901
0.545005
0.785659
0.425552
0.682773
0.652422
0.189384
0.379661
0.604874
0.269097
0.627481
0.0967733
0.800419
0.939576
0.887077
0.59734
0.00830227
0.288513
0.585713
0.977773
0.658427
0.451824
0.476519
0.954874
0.922974
0.328151
0.776826
0.668084
0.603613
0.0256377
0.645223
0.11454
0.979642
0.879023
0.932037
0.591947
0.742073
0.41204
0.328265
0.52426
0.138648
0.620131
0.0379332
0.0451835
0.454802
0.948478
0.0989011
0.714476
0.95555
0.340339
0.477098
0.742073
0.413325
0.730702
0.0591979
0.0950217
0.346744
0.360249
0.668736
0.862226
0.095318
0.284635
0.230655
0.252004
0.855093
0.454077
0.209298
0.597461
0.800235
0.738254
0.44483
0.744673
0.415549
0.271527
0.513106
0.198679
0.164932
0.49346
0.733966
0.402297
0.620777
0.259666
0.952978
0.522737
0.179293
0.397954
0.221612
0.121041
0.486785
0.084799
0.500853
0.0793243
0.701853
0.417115
0.513253
0.160838
0.718543
0.554346
0.868417
0.577837
0.475425
0.80587
0.586931
0.942266
0.475614
0.0387135
0.147725
0.974253
0.642725
0.780576
0.183873
0.343422
0.637772
0.393172
0.95183
0.0180092
0.761996
0.690885
0.699113
0.496799
0.570635
0.37973
0.0554059
0.298872
0.322632
0.691631
0.572119
0.0861586
0.391281
0.58901
0.535371
0.793816
0.760807
0.914693
0.177419
0.143406
0.733883
0.862121
0.411518
0.913897
0.975094
0.14088
0.215223
0.345468
0.0153254
0.212538
0.787131
0.0511305
0.342097
0.9718
0.602051
0.811164
0.200833
0.247972
0.48962
0.62536
0.232069
0.501737
0.861355
0.398084
0.0695966
0.0922482
0.211138
0.63114
0.0245434
0.489527
0.0141458
0.499462
0.980396
0.80718
0.14921
0.684604
0.623953
0.0304281
0.969619
0.341052
0.137225
0.314444
0.147357
0.570343
0.47526
0.728004
0.415779
0.778002
0.354919
0.817455
0.335722
0.288283
0.0795788
0.36599
0.210061
0.59173
0.324778
0.723241
0.271693
0.600552
0.00979969
0.0801759
0.269963
0.286799
0.38019
0.0643188
0.580529
0.0783646
0.426217
0.0302743
0.963662
0.387791
0.76226
0.420568
0.0959855
0.64889
0.0921505
0.5718
0.000647833
0.236181
0.385432
0.341107
0.500939
0.64213
0.889575
0.927943
0.822341
0.287216
0.103115
0.266167
0.468013
0.337794
0.83474
0.361446
0.492722
0.906786
0.473306
0.948968
0.300201
0.0121722
0.593798
0.846473
0.0889537
0.668302
0.0242205
0.377592
0.0714918
0.485013
0.498431
0.240494
0.592009
0.149567
0.0199108
0.19686
0.267498
0.166396
0.0614706
0.956152
0.277295
0.229657
0.725895
0.630207
0.926075
0.603608
0.992527
0.13314
0.605274
0.885789
0.174782
0.901557
0.277952
0.528019
0.713612
0.31008
0.612095
0.490202
0.431894
0.157193
0.887353
0.401954
0.374766
0.596391
0.800215
0.607029
0.360894
0.887642
0.292624
0.465571
0.369681
0.34417
0.529024
0.289171
0.88941
0.849541
0.146855
0.283736
0.351326
0.320065
0.905471
0.875176
0.774658
0.487515
0.858509
0.792896
0.747573
0.377149
0.174688
0.286109
0.869071
0.856053
0.732046
0.847955
0.77682
0.626795
0.610617
0.822433
0.885922
0.0413838
0.608544
0.269149
0.96362
0.110553
0.906631
0.460876
0.664946
0.083347
0.00632955
0.388921
0.154301
0.972024
0.0661648
0.651313
0.937972
0.397272
0.761599
0.0987969
0.0325935
0.128734
0.793334
0.61364
0.59454
0.695851
0.169047
0.396259
0.135257
0.44401
0.383565
0.134646
0.447532
0.411014
0.622485
0.431621
0.367701
0.398855
0.114217
0.864887
0.498794
0.615806
0.755476
0.0549044
0.0196152
0.263822
0.135207
0.115569
0.704763
0.446258
0.0819487
0.862713
0.280589
0.770892
0.859635
0.155412
0.24209
0.0232661
0.136832
0.745107
0.25574
0.285342
0.854413
0.00753529
0.273264
0.874463
0.116674
0.932479
0.481339
0.477631
0.230883
0.746324
0.212243
0.856097
0.0202695
0.542429
0.940434
0.495265
0.535448
0.29431
0.490071
0.574903
0.289284
0.626637
0.578473
0.634675
0.140193
0.719043
0.820509
0.309978
0.948879
0.717743
0.318935
0.513096
0.133511
0.0299688
0.965658
0.434661
0.248337
0.876216
0.578948
0.740436
0.710732
0.475302
0.00158104
0.338401
0.801688
0.237236
0.28492
0.0911553
0.0647406
0.338903
0.0839346
0.848636
0.228331
0.0575605
0.38816
0.17614
0.776608
0.237148
0.713588
0.152668
0.293663
0.262407
0.880504
0.614575
0.706211
0.915813
0.502251
0.219537
0.549701
0.492325
0.309941
0.705824
0.382864
0.54694
0.438098
0.721896
0.475707
0.650068
0.796238
0.601299
0.895936
0.525715
0.651393
0.457886
0.118817
0.947476
