0.0965708
0.472957
0.664755
0.754041
0.585795
0.506328
0.807727
0.628254
0.143168
0.0816125
0.642384
0.546591
0.129183
0.697619
0.674116
0.993424
0.959302
0.851552
0.230963
0.241379
0.340666
0.581558
0.743531
0.866459
0.751148
0.673244
0.329357
0.61475
0.785512
0.405309
0.307164
0.495641
0.993853
0.709177
0.265643
0.97674
0.837086
0.61774
0.312009
0.155141
0.384764
0.878146
0.125219
0.780466
0.379974
0.603688
0.438916
0.0043381
0.296512
0.83967
0.578951
0.731469
0.0131478
0.918448
0.680761
0.447289
0.730159
0.478396
0.211268
0.397126
0.753035
0.0221004
0.420561
0.992026
0.768304
0.888423
0.348268
0.315999
0.236673
0.513852
0.0095811
0.609971
0.528206
0.857689
0.385945
0.607192
0.424818
0.866475
0.845487
0.595298
0.614912
0.852366
0.61816
0.079804
0.805126
0.660648
0.95044
0.924319
0.0744065
0.501233
0.564908
0.8422
0.095172
0.319332
0.0492626
0.114831
0.846716
0.580037
0.800347
0.411452
0.445688
0.342139
0.147523
0.585524
0.719001
0.495841
0.280994
0.322702
0.143622
0.0397028
0.609664
0.515342
0.778762
0.271488
0.173773
0.238545
0.815239
0.768129
0.737153
0.202848
0.366882
0.0298608
0.18422
0.558366
0.129335
0.663236
0.846608
0.92561
0.530819
0.978354
0.384545
0.527769
0.000291994
0.87504
0.847892
0.299586
0.977656
0.893193
0.541806
0.847884
0.291226
0.302086
0.322244
0.138493
0.527325
0.103844
0.945999
0.784838
0.0171117
0.825831
0.100446
0.813147
0.0656087
0.977328
0.738158
0.779039
0.0478743
0.045027
0.3409
0.110888
0.99739
0.902706
0.738581
0.554573
0.311603
0.510038
0.107753
0.59493
0.199697
0.775317
0.774862
0.728629
0.497553
0.457335
0.44908
0.463762
0.474848
0.981271
0.510006
0.920832
0.259384
0.0437458
0.97492
0.910474
0.503581
0.88176
0.770666
0.362586
0.918206
0.0808971
0.935464
0.982162
0.298193
0.797434
0.375138
0.00654038
0.665754
0.269593
0.799198
0.939316
0.155616
0.492811
0.461571
0.135847
0.267463
0.934141
0.330958
0.115181
0.110593
0.160631
0.316037
0.473666
0.265684
0.256803
0.170108
0.275107
0.888807
0.906213
0.700699
0.792442
0.682681
0.0120812
0.908635
0.475981
0.359961
0.731874
0.681922
0.0232846
0.223864
0.801145
0.669293
0.425537
0.490909
0.0212527
0.958385
0.865434
0.980864
0.786235
0.183731
0.341766
0.798826
0.523736
0.689247
0.895508
0.634652
0.92497
0.370597
0.31234
0.304316
0.8388
0.822173
0.176967
0.158702
0.704762
0.413696
0.153847
0.984474
0.400358
0.921617
0.369486
0.0220835
0.377179
0.340085
0.771344
0.726103
0.961246
0.496779
0.338275
0.892603
0.69233
0.0981851
0.0175534
0.778813
0.577437
0.829832
0.263473
0.839917
0.133229
0.135968
0.0524108
0.708087
0.09257
0.304074
0.249586
0.0386383
0.650181
0.479015
0.202314
0.848467
0.122229
0.231915
0.434782
0.971549
0.895139
0.308674
0.319521
0.25671
0.538344
0.183158
0.600272
0.132589
0.956118
0.0401784
0.641566
0.164788
0.453568
0.813013
0.27975
0.230108
0.591522
0.90078
0.150635
0.933133
0.705642
0.190307
0.368709
0.889893
0.964526
0.00787385
0.432874
0.503724
0.841825
0.625518
0.233812
0.858383
0.877498
0.947107
0.0378391
0.353213
0.603155
0.998985
0.322331
0.705704
0.50633
0.850498
0.337815
0.946005
0.908956
0.588972
0.27146
0.0288558
0.634805
0.974601
0.887255
0.687469
0.3411
0.399843
0.517691
0.154823
0.389028
0.778613
0.282071
0.376996
0.128462
0.990137
0.406233
0.343708
0.47171
0.502457
0.519073
0.161141
0.63127
0.800713
0.800361
0.491811
0.896665
0.244972
0.85533
0.986746
0.325438
0.982916
0.190767
0.334806
0.223059
0.542006
0.167546
0.554109
0.287008
0.72662
0.304965
0.150833
0.289883
0.444549
0.811405
0.770038
0.1765
0.0884277
0.216706
0.963678
0.450237
0.0968035
0.981001
0.700994
0.723256
0.319776
0.955243
0.245808
0.305831
0.814438
0.568141
0.0262661
0.709849
0.695015
0.614796
0.121576
0.941229
0.66258
0.521803
0.991053
0.45647
0.83958
0.963935
0.0702978
0.658295
0.533991
0.707439
0.859587
0.805262
0.558134
0.554848
0.129419
0.210552
0.727221
0.266386
0.868274
0.604711
0.162629
0.332874
0.597577
0.537561
0.0247079
0.475254
0.678805
0.694047
0.300476
0.74572
0.237813
0.999286
0.270855
0.105276
0.331303
0.387573
0.282679
0.352963
0.980608
0.110496
0.450274
0.281649
0.69743
0.459081
0.911914
0.935341
0.127055
0.775094
0.265775
0.843013
0.433497
0.626222
0.810691
0.104157
0.0520036
0.0205375
0.216591
0.200722
0.433648
0.534841
0.249502
0.410683
0.407136
0.23218
0.176448
0.698251
0.782892
0.243396
0.474845
0.955475
0.824124
0.887682
0.471709
0.470605
0.210309
0.207302
0.537482
0.497808
0.11773
0.791326
0.459527
0.803652
0.0421815
0.763362
0.620453
0.0649971
0.988971
0.808486
0.605902
0.993537
0.655023
0.114065
0.867272
0.0618326
0.228196
0.0998741
0.0638934
0.705999
0.428792
0.812014
0.710035
0.879871
0.418238
0.856059
0.751632
0.835786
0.199996
0.744265
0.697515
0.00690705
0.13757
0.531723
0.930561
0.866076
0.214816
0.61674
0.823318
0.636285
0.66335
0.58011
0.283499
0.72773
0.582202
0.938579
0.354006
0.776304
0.174597
0.68734
0.492764
0.15878
0.227039
0.506529
0.157197
0.859536
0.455346
0.506861
0.318342
0.563754
0.343234
0.389289
0.529728
0.852297
0.0977051
0.893754
0.175938
0.373046
0.346921
0.411918
0.525748
0.863933
0.205026
0.639125
0.215166
0.90233
0.329444
0.140208
0.784869
0.256252
0.595007
0.704529
0.897657
0.711887
0.0106219
0.365023
0.860272
0.252873
0.502827
0.956283
0.0751613
0.466009
0.191798
0.0867184
0.0468154
0.0486086
0.784279
0.399855
0.567731
0.292358
0.708985
0.999497
0.709196
0.418822
0.618903
0.914255
0.241733
0.641373
0.885994
0.475787
0.110084
0.828831
0.713034
0.486404
0.588116
0.645601
0.487547
0.0505855
0.738195
0.0432907
0.00305973
0.945534
0.800436
0.979088
0.172416
0.405895
0.136464
0.235493
0.858423
0.1975
0.353001
0.216778
0.446532
0.85506
0.230109
0.596853
0.784823
0.95919
0.0790178
0.693862
0.116128
0.327147
0.154834
0.446202
0.627315
0.992938
0.748726
0.865158
0.240853
0.851305
0.584941
0.839167
0.273426
0.840831
0.14746
0.164496
0.586882
0.541154
0.561353
0.677619
0.856269
0.0591445
0.653839
0.364059
0.580085
0.0791975
0.819912
0.318931
0.457723
0.952646
0.317866
0.433824
0.759107
0.701128
0.619326
0.685479
0.31149
0.809069
0.439048
0.900862
0.728516
0.680248
0.0694145
0.873916
0.506294
0.633387
0.64455
0.708777
0.611926
0.311826
0.959219
0.26461
0.188933
0.382255
0.467293
0.577006
0.00512059
0.397482
0.0850527
0.130961
0.267429
0.69835
0.424052
0.860299
0.429163
0.229567
0.0787303
0.748844
0.614186
0.144776
0.593668
0.907986
0.283545
0.0755067
0.735593
0.00593722
0.769076
0.939396
0.695049
0.923442
0.299312
0.162238
0.842728
0.511111
0.142564
0.189276
0.665455
0.323378
0.492164
0.160512
0.507005
0.203822
0.718865
0.624991
0.738438
0.597289
0.615575
0.169295
0.983257
0.463418
0.259042
0.835001
0.0221329
0.666792
0.113967
0.200185
0.0024141
0.718618
0.00414122
9.22964e-05
0.577276
0.745008
0.575803
0.161741
0.59957
0.556799
0.878297
0.127695
0.995377
0.695939
0.686711
0.343865
0.442173
0.333426
0.191908
0.786286
0.476817
0.893824
0.682592
0.402154
0.658108
0.281371
0.844688
0.339729
0.409032
0.582559
0.302776
0.842365
0.16381
0.120366
0.0288597
0.681674
0.444529
0.735024
0.243166
0.00466685
0.492462
0.166306
0.432252
0.469964
0.079135
0.412469
0.109287
0.548129
0.122031
0.940659
0.94142
0.860947
0.730037
0.623942
0.869481
0.434981
0.303465
0.279848
0.844749
0.743894
0.31393
0.685554
0.808
0.415111
0.388738
0.944573
0.535633
0.475367
0.325144
0.0799817
0.978133
0.010359
0.659095
0.729286
0.71558
0.113545
0.413799
0.815753
0.155391
0.998888
0.653017
0.0714378
0.0972956
0.152697
0.463877
0.286634
0.290476
0.399609
0.994533
0.160977
0.607857
0.757487
0.171385
0.631064
0.462606
0.956526
0.721145
0.549652
0.091848
0.497344
0.122435
0.591437
0.33249
0.123139
0.11214
0.260377
0.514388
0.580895
0.371447
0.873547
0.0955192
0.546736
0.0165915
0.396653
0.664414
0.590237
0.519203
0.00595838
0.934876
0.0528648
0.681493
0.251938
0.357671
0.715447
0.290981
0.699345
0.974637
0.12971
0.0799758
0.918971
0.139862
0.488866
0.614743
0.705885
0.732987
0.91234
0.739323
0.399222
0.489845
0.0194654
0.199152
0.178641
0.0752023
0.667247
0.0691633
0.212197
0.522672
0.727281
0.611796
0.530928
0.666888
0.776602
0.189569
0.504853
0.192792
0.577755
0.857293
0.79569
0.927095
0.222711
0.259165
0.660963
0.997079
0.816099
0.455353
0.484858
0.481364
0.57232
0.303332
0.410497
0.178044
0.201721
0.0189627
0.948796
0.114924
0.46102
0.542211
0.438983
0.426952
0.742521
0.332509
0.235559
0.225811
0.577654
0.218929
0.496891
0.0868678
0.92934
0.929876
0.450345
0.777978
0.14865
0.927672
0.00900244
0.855874
0.470293
0.172604
0.614888
0.754389
0.922388
0.441848
0.183819
0.99014
0.525134
0.827968
0.0267933
0.110217
0.653636
0.0421605
0.622892
0.00710379
0.439706
0.147139
0.118871
0.225902
0.0878345
0.344782
0.430178
0.888515
0.980188
0.443323
0.818609
0.860304
0.445581
0.629436
0.821513
0.783622
0.0676336
0.169817
0.407497
0.603833
0.406908
0.667575
0.233871
0.212276
0.0121578
0.498235
0.880384
0.831567
0.595669
0.0504611
0.934828
0.768059
0.247503
0.396526
0.804902
0.156384
0.564013
0.0173138
0.131875
0.321399
0.565268
0.207174
0.680749
0.38206
0.27663
0.783401
0.581859
0.72273
0.849333
0.725318
0.799209
0.956439
0.0951928
0.368213
0.700275
0.00556092
0.310273
0.776824
0.602387
0.924509
0.262721
