0.236828
0.616908
0.964063
0.00915933
0.892839
0.276688
0.263068
0.199602
0.19612
0.426189
0.850421
0.901249
0.26784
0.408801
0.150136
0.736009
0.765642
0.535473
0.459852
0.970841
0.329435
0.176024
0.0177307
0.941092
0.800636
0.358259
0.655287
0.919153
0.339846
0.24991
0.161157
0.803421
0.567961
0.898376
0.480808
0.00257772
0.855728
0.603284
0.877182
0.89018
0.886725
0.296861
0.177276
0.20456
0.618796
0.307116
0.229663
0.769042
0.768906
0.878834
0.697952
0.90747
0.946449
0.827392
0.315175
0.930044
0.559979
0.700371
0.724127
0.0644781
0.622392
0.821996
0.0286294
0.20746
0.579537
0.595379
0.180742
0.871431
0.287267
0.437579
0.328904
0.701676
0.261924
0.722473
0.252017
0.938726
0.329272
0.106439
0.00446568
0.20107
0.796852
0.611852
0.897073
0.963186
0.274789
0.843392
0.938997
0.10388
0.270028
0.712168
0.86556
0.899936
0.679009
0.0426483
0.877021
0.840083
0.303783
0.437408
0.213279
0.634274
0.516558
0.774689
0.689523
0.793271
0.197693
0.713766
0.317809
0.153551
0.0721185
0.583138
0.139581
0.722522
0.569204
0.0265169
0.39413
0.219044
0.331057
0.781641
0.147987
0.684278
0.49426
0.966893
0.510252
0.53783
0.870049
0.250735
0.55887
0.454221
0.147925
0.278957
0.102834
0.434661
0.247704
0.734731
0.405329
0.449143
0.945008
0.406483
0.992816
0.0238408
0.895189
0.63858
0.67505
0.148827
0.180691
0.539823
0.901037
0.881099
0.506855
0.324755
0.575932
0.0179188
0.171152
0.162787
0.463865
0.215466
0.930863
0.910124
0.301717
0.927802
0.894189
0.0995181
0.748821
0.541147
0.559805
0.562823
0.297611
0.0784722
0.129846
0.0613657
0.270202
0.849399
0.221333
0.299132
0.0259092
0.420416
0.101039
0.693761
0.504707
0.280405
0.568784
0.280354
0.231622
0.576482
0.61418
0.123093
0.907065
0.295148
0.971801
0.609682
0.7081
0.263756
0.699802
0.00358245
0.425653
0.347287
0.906963
0.629081
0.562657
0.215439
0.753183
0.0641563
0.51813
0.0550311
0.848404
0.716162
0.9822
0.602718
0.174974
0.155325
0.667055
0.873017
0.658446
0.581052
0.498846
0.956647
0.511821
0.796054
0.395514
0.264181
0.478217
0.0632751
0.755557
0.590013
0.0969905
0.220643
0.782745
0.371635
0.118279
0.428624
0.771757
0.519222
0.190996
0.925597
0.479766
0.190541
0.949253
0.166036
0.70896
0.886163
0.622223
0.716505
0.224995
0.23999
0.292443
0.284468
0.136394
0.880093
0.927551
0.254911
0.859877
0.734869
0.310462
0.109772
0.796629
0.159503
0.992981
0.105191
0.844511
0.257746
0.397856
0.581568
0.8712
0.774001
0.194262
0.28143
0.273273
0.930734
0.0717312
0.0501218
0.746228
0.586181
0.0375125
0.294294
0.39044
0.0873776
0.362375
0.573219
0.278054
0.193501
0.299847
0.697906
0.605818
0.444518
0.703886
0.713039
0.558855
0.350156
0.670001
0.13672
0.0103646
0.774174
0.324795
0.83303
0.182274
0.888957
0.888957
0.892398
0.391815
0.075415
0.13869
0.894787
0.00904469
0.143201
0.390569
0.930685
0.750305
0.246236
0.134846
0.754922
0.432615
0.868549
0.442185
0.448282
0.314001
0.255432
0.268843
0.961943
0.144772
0.664901
0.785276
0.919721
0.0547201
0.814475
0.853197
0.0531276
0.401269
0.898268
0.776058
0.644243
0.703556
0.549388
0.447982
0.351397
0.787448
0.122653
0.0261191
0.79267
0.266504
0.672618
0.251455
0.262194
0.483866
0.00191819
0.543042
0.95428
0.040091
0.154915
0.990682
0.070352
0.031921
0.731667
0.371033
0.183687
0.126991
0.397203
0.312163
0.236978
0.599474
0.961115
0.731541
0.547706
0.45166
0.402458
0.672457
0.196322
0.746477
0.214966
0.663889
0.17224
0.275952
0.44758
0.728805
0.652652
0.690597
0.815288
0.165895
0.789144
0.214751
0.255273
0.229756
0.377133
0.0728404
0.303385
0.834498
0.783109
0.751593
0.665913
0.405797
0.504698
0.223178
0.361677
0.00638301
0.738531
0.254291
0.80943
0.859968
0.330926
0.926172
0.235571
0.398606
0.486388
0.490561
0.777177
0.958497
0.608914
0.686597
0.655337
0.24922
0.651115
0.643645
0.79381
0.721417
0.346153
0.495069
0.257984
0.957898
0.697481
0.827938
0.889159
0.213198
0.101406
0.0936702
0.509134
0.22656
0.477459
0.104614
0.0701076
0.433366
0.781578
0.74157
0.124897
0.699997
0.277106
0.997246
0.992462
0.707132
0.938596
0.480654
0.993746
0.106494
0.363436
0.507437
0.13283
0.576016
0.566279
0.901147
0.598394
0.89846
0.0312938
0.630442
0.460497
0.188469
0.397218
0.407239
0.937665
0.393049
0.150233
0.370792
0.609297
0.190503
0.699646
0.982711
0.948373
0.412787
0.211387
0.257922
0.54949
0.116314
0.574317
0.456557
0.427195
0.426193
0.874348
0.361792
0.759639
0.278904
0.751379
0.268612
0.452545
0.18841
0.0140401
0.808518
0.89848
0.160711
0.887251
0.735175
0.306451
0.881827
0.267594
0.79599
0.976801
0.30423
0.361495
0.814635
0.89643
0.756703
0.0812218
0.109501
0.0293168
0.702642
0.573692
0.373096
0.677362
0.271793
0.257094
0.137374
0.286541
0.690433
0.74032
0.950004
0.0733652
0.734975
0.000212048
0.38658
0.846664
0.334025
0.191623
0.0237651
0.39967
0.44387
0.465285
0.498371
0.847427
0.322399
0.168493
0.77738
0.284497
0.326472
0.803604
0.763899
0.137996
0.357718
0.11934
0.36406
0.590929
0.0817724
0.709916
0.139846
0.450841
0.0459546
0.496968
0.672861
0.838786
0.820381
0.469302
0.764042
0.0736026
0.287514
0.055451
0.5943
0.126503
0.205154
0.504048
0.9711
0.0209769
0.167862
0.647008
0.785985
0.553004
0.0918215
0.420524
0.80803
0.706583
0.348145
0.518877
0.938238
0.139573
0.669606
0.556056
0.0498723
0.114843
0.955821
0.110191
0.539723
0.251736
0.101854
0.0258014
0.715319
0.472851
0.975279
0.348852
0.143068
0.52113
0.666657
0.269626
0.0823402
0.422257
0.138469
0.448407
0.130489
0.26738
0.397477
0.098976
0.203807
0.691133
0.315523
0.204921
0.979419
0.419976
0.223772
0.243756
0.923118
0.265852
0.405382
0.793857
0.0281297
0.940146
0.611622
0.399203
0.389825
0.0629647
0.726421
0.0669432
0.741358
0.742729
0.704354
0.77276
0.0752563
0.101072
0.907073
0.349056
0.475932
0.118055
0.963164
0.130951
0.288144
0.172699
0.276454
0.735089
0.746391
0.653817
0.307745
0.346259
0.190246
0.016173
0.754991
0.886831
0.990619
0.656944
0.756911
0.443999
0.311972
0.987497
0.245042
0.329842
0.83546
0.0754808
0.569223
0.149192
0.568012
0.232225
0.521525
0.250323
0.862352
0.920459
0.883611
0.933441
0.772956
0.357336
0.62254
0.791998
0.872945
0.187775
0.860003
0.561807
0.65692
0.603111
0.739999
0.852983
0.65473
0.280061
0.319948
0.139682
0.381177
0.515004
0.610244
0.382665
0.246663
0.928565
0.88724
0.659666
0.553772
0.115523
0.404676
0.178575
0.704789
0.615022
0.628544
0.0484394
0.745156
0.5761
0.120383
0.183265
0.367869
0.49353
0.194023
0.713642
0.503806
0.388969
0.470757
0.281178
0.623002
0.812427
0.457959
0.590744
0.871852
0.039039
0.276127
0.59553
0.171255
0.836161
0.659381
0.689922
0.4007
0.175769
0.354379
0.28518
0.793281
0.267173
0.0426889
0.142937
0.666659
0.285045
0.911583
0.841507
0.614951
0.167762
0.99828
0.750006
0.286567
0.861054
0.432617
0.885284
0.872975
0.38197
0.70317
0.0266759
0.433412
0.0781575
0.0717944
0.463554
0.180526
0.457449
0.261623
0.750704
0.851959
0.962769
0.543485
0.846505
0.292869
0.0673415
0.345773
0.00892711
0.374379
0.065226
0.512743
0.824342
0.372982
0.932151
0.336251
0.744141
0.935867
0.631669
0.485931
0.504168
0.757186
0.241621
0.962808
0.801971
0.0902701
0.275914
0.201347
0.606854
0.220764
0.576609
0.444942
0.477753
0.0257151
0.151326
0.519845
0.263916
0.743589
0.330958
0.132522
0.563401
0.0802298
0.622697
0.815463
0.314387
0.775751
0.633376
0.646413
0.894289
0.757369
0.43812
0.86605
0.101698
0.00317622
0.76931
0.5191
0.396122
0.241841
0.400863
0.243886
0.770548
0.613259
0.102819
0.335316
0.631811
0.415131
0.541246
0.20631
0.0637805
0.060483
0.498451
0.372664
0.848352
0.371125
0.788513
0.0863464
0.619259
0.332045
0.243117
0.742243
0.523694
0.431739
0.14271
0.183326
0.76674
0.713483
0.467966
0.0292726
0.41362
0.66254
0.34656
0.153514
0.824752
0.0543004
0.0702605
0.433721
0.0986219
0.888371
0.057333
0.900734
0.897467
0.533589
0.135252
0.410924
0.0307706
0.20898
0.518729
0.966994
0.171575
0.925655
0.858054
0.812216
0.0805956
0.0146403
0.732746
0.42311
0.713162
0.365647
0.965519
0.525552
0.583958
0.501779
0.131558
0.259331
0.764584
0.615176
0.638112
0.616132
0.888926
0.688599
0.749392
0.275966
0.541341
0.827945
0.931789
0.967029
0.40265
0.930707
0.894399
0.474007
0.528952
0.815369
0.699865
0.41981
0.138238
0.936737
0.32053
0.945753
0.279831
0.812206
0.0148976
0.415165
0.761628
0.283973
0.899414
0.26544
0.710161
0.742176
0.0905541
0.133528
0.138467
0.43398
0.792228
0.379859
0.896771
0.983591
0.703492
0.135706
0.380983
0.248222
0.121578
0.998987
0.374007
0.634977
0.115232
0.503501
0.394862
0.00369221
0.143368
0.486608
0.930613
0.2807
0.494033
0.480337
0.926122
0.908536
0.91868
0.250942
0.9066
0.256589
0.836766
0.611884
0.107986
0.117676
0.485645
0.635264
0.990123
0.415567
0.390792
0.386681
0.507761
0.248437
0.531321
0.308536
0.514359
0.393267
0.575834
0.376766
0.673711
0.396171
0.563566
0.156026
0.254377
0.373667
0.405854
0.878297
0.181931
0.649883
0.582913
0.669938
0.724018
0.354704
0.410927
0.0521767
0.183225
0.107854
0.254449
0.840033
0.972766
0.91391
0.0591168
0.564681
0.449976
0.393268
0.579683
0.544255
0.882623
0.474029
0.67835
0.728081
0.923026
0.669838
0.0684263
0.439358
0.96499
0.0686463
0.87829
0.141269
0.75855
0.157426
0.410667
0.35153
0.657533
0.60781
0.472218
0.830383
0.874927
