0.639578
0.310183
0.104897
0.837731
0.0823167
0.954317
0.985052
0.321458
0.0632827
0.486571
0.349879
0.720139
0.171921
0.550279
0.754384
0.57379
0.653287
0.755606
0.654055
0.123878
0.856773
0.0257319
0.443437
0.429036
0.583281
0.638362
0.580643
0.738602
0.205825
0.587538
0.672802
0.748965
0.438577
0.890773
0.397448
0.36773
0.629342
0.466488
0.134845
0.610681
0.450483
0.206765
0.186244
0.256578
0.86327
0.87042
0.453087
0.884744
0.230678
0.421374
0.452142
0.920482
0.453614
0.437351
0.541575
0.313294
0.00558772
0.213876
0.232968
0.472921
0.740814
0.188597
0.464259
0.0881819
0.350758
0.31091
0.708638
0.453644
0.344115
0.981901
0.794366
0.929087
0.425231
0.189602
0.310535
0.156794
0.145951
0.464555
0.473774
0.661647
0.70592
0.280693
0.330879
0.459036
0.776309
0.526529
0.17239
0.295583
0.221985
0.671662
0.0321053
0.147677
0.597114
0.253592
0.147524
0.602821
0.289207
0.30985
0.256241
0.748794
0.186597
0.380439
0.603262
0.19562
0.744361
0.705588
0.534275
0.855358
0.323674
0.243817
0.549842
0.104696
0.679597
0.135319
0.695539
0.955362
0.472318
0.235648
0.163031
0.857347
0.676808
0.344726
0.977079
0.759941
0.765937
0.756155
0.643496
0.0555782
0.542009
0.751852
0.633028
0.0315002
0.491748
0.666986
0.576183
0.454226
0.539711
0.150232
0.0439877
0.91184
0.0751498
0.24434
0.789691
0.539086
0.127297
0.912012
0.326397
0.750279
0.564101
0.632093
0.715644
0.605032
0.189394
0.691076
0.441911
0.431783
0.613494
0.79492
0.248071
0.334149
0.772252
0.626174
0.806775
0.205084
0.969529
0.971423
0.102777
0.873851
0.318117
0.044041
0.401196
0.0108097
0.45409
0.627255
0.676718
0.415011
0.399604
0.662527
0.378726
0.309609
0.44912
0.908244
0.40738
0.270083
0.954078
0.293721
0.175627
0.410273
0.880996
0.593519
0.63215
0.451228
0.0180205
0.047073
0.120254
0.297864
0.704902
0.548634
0.947691
0.748439
0.961413
0.0325233
0.542425
0.961838
0.889206
0.678696
0.0693222
0.307668
0.222105
0.563624
0.382798
0.22417
0.899836
0.381486
0.190386
0.708945
0.540195
0.860668
0.302249
0.0674817
0.684653
0.500585
0.841629
0.544511
0.692401
0.253808
0.291238
0.463162
0.157826
0.778502
0.250576
0.496937
0.726436
0.886187
0.779196
0.699495
0.184208
0.809796
0.200902
0.917251
0.695386
0.917061
0.243889
0.209784
0.0637101
0.4942
0.391811
0.903064
0.892083
0.224924
0.3208
0.900479
0.515678
0.989751
0.297409
0.876693
0.583479
0.610635
0.412502
0.979297
0.163264
0.165909
0.526079
0.663288
0.245022
0.500539
0.798033
0.283351
0.517807
0.556687
0.679856
0.0689558
0.295033
0.149594
0.24227
0.107271
0.463202
0.813771
0.713803
0.958884
0.329076
0.344499
0.105304
0.531336
0.240279
0.65965
0.795386
0.83547
0.85434
0.606814
0.951819
0.249591
0.931176
0.340739
0.663848
0.916439
0.524007
0.896087
0.66046
0.897976
0.443714
0.580502
0.489582
0.712978
0.871631
0.812982
0.0332151
0.882452
0.995774
0.0325796
0.233511
0.107853
0.545512
0.302399
0.904785
0.707122
0.0996694
0.233914
0.506461
0.933536
0.0430714
0.856601
0.751961
0.802363
0.0465228
0.0578728
0.928532
0.0503356
0.945227
0.21834
0.803001
0.852941
0.89064
0.667373
0.988479
0.924513
0.650766
0.583983
0.646998
0.626145
0.933886
0.96801
0.403084
0.706413
0.610725
0.306632
0.343266
0.299909
0.710059
0.561177
0.97653
0.808588
0.062758
0.0992543
0.0307037
0.290933
0.469266
0.197195
0.959779
0.983922
0.265517
0.737806
0.0371776
0.582816
0.162296
0.728435
0.909945
0.903756
0.233026
0.264354
0.488893
0.554173
0.925
0.562445
0.0496687
0.236012
0.969052
0.690206
0.41977
0.306765
0.0626591
0.615071
0.126493
0.22332
0.201486
0.199032
0.380819
0.493623
0.534365
0.763588
0.772239
0.761144
0.616714
0.849991
0.549515
0.647171
0.937393
0.799819
0.362379
0.975901
0.593994
0.780853
0.339172
0.00735427
0.991576
0.883266
0.375415
0.303093
0.439828
0.911129
0.508321
0.849762
0.52368
0.494229
0.252248
0.0654286
0.122342
0.145192
0.770081
0.313751
0.951783
0.886934
0.755559
0.550947
0.505654
0.075404
0.901535
0.730577
0.269642
0.042659
0.829179
0.591146
0.084258
0.185239
0.35311
0.45151
0.531075
0.122857
0.95747
0.639104
0.21739
0.552409
0.357942
0.175969
0.834334
0.422283
0.0246929
0.347608
0.86341
0.0519926
0.541262
0.77964
0.806479
0.822116
0.674387
0.647276
0.814173
0.0595528
0.0297631
0.642603
0.587753
0.743087
0.168744
0.324683
0.429403
0.654268
0.0609786
0.477461
0.315958
0.598602
0.747984
0.100488
0.871074
0.322054
0.0926572
0.657458
0.110831
0.747868
0.489727
0.207553
0.837778
0.15869
0.412137
0.0446079
0.558415
0.949018
0.668373
0.469076
0.799105
0.572945
0.245721
0.317821
0.695438
0.312236
0.614472
0.876711
0.730016
0.489699
0.368053
0.801027
0.493687
0.752881
0.0741035
0.668691
0.345215
0.0530709
0.211489
0.791297
0.844382
0.944614
0.068248
0.907961
0.833532
0.829544
0.475479
0.386976
0.0425513
0.772521
0.252164
0.560294
0.0922887
0.511089
0.235933
0.815801
0.771408
0.286238
0.774761
0.0724219
0.461681
0.118289
0.554605
0.263028
0.586722
0.153079
0.637978
0.450159
0.95915
0.703468
0.588462
0.199559
0.901198
0.611156
0.556155
0.836525
0.013756
0.553811
0.19906
0.210065
0.468849
0.922509
0.315409
0.589873
0.700558
0.894491
0.0619222
0.321112
0.369373
0.326228
0.63301
0.862013
0.474986
0.0917969
0.275909
0.829285
0.492523
0.491578
0.516756
0.676336
0.407213
0.356253
0.472598
0.629313
0.52249
0.471126
0.124346
0.505942
0.916537
0.945749
0.425656
0.0421951
0.42227
0.153864
0.122757
0.35176
0.0057503
0.868661
0.160212
0.143326
0.418045
0.218336
0.547618
0.320679
0.995515
0.0869797
0.562239
0.590618
0.483553
0.585761
0.162586
0.703669
0.758742
0.219434
0.487922
0.952629
0.324469
0.373157
0.318719
0.553906
0.454962
0.744616
0.373038
0.536686
0.862774
0.34647
0.313855
0.7649
0.7647
0.704105
0.342326
0.717012
0.221134
0.873697
0.251982
0.648616
0.623856
0.905595
0.818868
0.762847
0.207272
0.37801
0.402615
0.0136019
0.458073
0.626019
0.633457
0.166577
0.298346
0.290881
0.060174
0.743114
0.917115
0.81467
0.633981
0.471858
0.125322
0.505209
0.903353
0.873237
0.109245
0.796332
0.794788
0.60174
0.457351
0.328443
0.854501
0.171018
0.335594
0.474402
0.826068
0.686792
0.68614
0.935709
0.438994
0.212581
0.32454
0.0340146
0.283227
0.393229
0.810332
0.322932
0.644608
0.961259
0.966083
0.145168
0.176258
0.751033
0.919876
0.759964
0.280899
0.845719
0.546219
0.665849
0.0791206
0.482082
0.180408
0.743707
0.838575
0.338081
0.481314
0.845157
0.739115
0.828275
0.317619
0.45124
0.848869
0.0320504
0.552481
0.0264299
0.186254
0.879653
0.601637
0.692942
0.74292
0.221038
0.639953
0.850369
0.342642
0.402529
0.331396
0.365618
0.211141
0.976288
0.95746
0.958164
0.131848
0.167607
0.819015
0.405622
0.0625997
0.725
0.786603
0.194618
0.0882799
0.778115
0.87417
0.241987
0.58439
0.328457
0.71123
0.311272
0.466562
0.997922
0.788473
0.749545
0.401008
0.660147
0.351808
0.16953
0.850907
0.579667
0.819843
0.702053
0.833728
0.683892
0.599802
0.443786
0.264493
0.592886
0.176883
0.72532
0.759975
0.0319711
0.352047
0.824544
0.778838
0.252132
0.503254
0.750331
0.972705
0.0832443
0.745125
0.721549
0.623175
0.245104
0.862051
0.966372
0.0397708
0.541279
0.889737
0.46691
0.793826
0.560769
0.220178
0.274152
0.663308
0.512475
0.105083
0.0182207
0.163579
0.817489
0.432723
0.238935
0.5391
0.0841889
0.653232
0.161691
0.0910617
0.0911477
0.727331
0.543657
0.715962
0.402859
0.9735
0.215269
0.530116
0.24327
0.688581
0.942057
0.455107
0.252131
0.416824
0.231765
0.639173
0.749153
0.742363
0.711799
0.589529
0.130983
0.480137
0.701977
0.89063
0.0259867
0.140246
0.607598
0.383372
0.831849
0.540743
0.757819
0.680225
0.260981
0.443863
0.314346
0.891309
0.518746
0.0906922
0.87544
0.436408
0.739491
0.509275
0.400232
0.817915
0.305398
0.471156
0.0783538
0.229721
0.673141
0.971357
0.769876
0.87704
0.33336
0.106801
0.640563
0.88217
0.527949
0.228164
0.617444
0.65119
0.350146
0.240167
0.289684
0.576601
0.852453
0.92531
0.879781
0.950896
0.787351
0.166037
0.910068
0.966075
0.605837
0.940344
0.189531
0.674092
0.338775
0.965818
0.745934
0.783243
0.986052
0.867122
0.328265
0.16549
0.0385533
0.741911
0.104487
0.949721
0.757946
0.000185838
0.179604
0.0759523
0.839277
0.352089
0.559044
0.185463
0.0813839
0.819133
0.182345
0.721871
0.690118
0.643871
0.652163
0.118141
0.839378
0.972997
0.283586
0.944539
0.114957
0.188897
0.098764
0.892514
0.466207
0.764619
0.39185
0.469526
0.290507
0.517303
0.489255
0.279807
0.275548
0.135024
0.330212
0.766057
0.624435
0.852096
0.492658
0.287085
0.288594
0.147794
0.289422
0.406381
0.833494
0.343529
0.559732
0.266628
0.562184
0.973448
0.78103
0.925152
0.521641
0.803478
0.126101
0.525306
0.0169269
0.373809
0.0905137
0.178798
0.258166
0.939812
0.315376
0.433952
0.765326
0.686389
0.2304
0.204903
0.155817
0.0907726
0.142282
0.0367406
0.939903
0.308753
0.393393
0.581577
0.948923
0.459348
0.215782
0.160561
0.021326
0.682905
0.905496
0.28683
0.57152
0.847647
0.942203
0.0243926
0.666531
0.779653
0.679138
0.0579538
0.235476
0.891274
0.228358
0.348678
0.0368496
0.0829913
0.166302
0.250889
0.00861767
0.793706
0.684676
0.964702
0.626132
0.0744719
0.811642
0.199605
0.892851
0.560664
0.328322
0.923963
0.588874
0.21758
0.00561613
0.0754727
0.402291
0.734491
0.786327
0.107548
0.56834
0.442111
0.537607
0.246642
0.641383
0.628527
0.998708
