0.000271001
0.772078
0.617558
0.211178
0.894949
0.0727159
0.489327
0.711518
0.618646
0.328271
0.563839
0.941669
0.575387
0.452491
0.837874
0.861109
0.794286
0.832787
0.592732
0.875393
0.191757
0.90201
0.246276
0.396207
0.79466
0.280544
0.478423
0.409244
0.0493751
0.863703
0.755073
0.424888
0.34183
0.22945
0.375468
0.186703
0.853455
0.741423
0.167994
0.512751
0.878073
0.722275
0.95942
0.644705
0.72474
0.0723264
0.942572
0.479788
0.331505
0.708528
0.0674508
0.0605162
0.715124
0.198743
0.580776
0.69726
0.381705
0.966331
0.838981
0.0986119
0.823282
0.440055
0.519634
0.884573
0.225344
0.524294
0.356302
0.857549
0.510287
0.76457
0.521854
0.406154
0.841808
0.58339
0.785199
0.41684
0.715241
0.961396
0.566458
0.0683222
0.758822
0.938831
0.015581
0.883831
0.3709
0.312317
0.239397
0.416167
0.318076
0.901943
0.802101
0.940575
0.419294
0.763668
0.624183
0.530424
0.440851
0.722038
0.404785
0.890706
0.327359
0.59821
0.69251
0.324345
0.893639
0.508293
0.729654
0.206316
0.102555
0.607003
0.194883
0.34058
0.0537776
0.651624
0.969349
0.574829
0.808497
0.761286
0.0512384
0.0480463
0.175064
0.746558
0.74376
0.445876
0.580576
0.384346
0.241572
0.638806
0.153389
0.0131122
0.740645
0.0781682
0.141585
0.823398
0.196563
0.324941
0.792356
0.218666
0.85626
0.0863767
0.817345
0.621454
0.688199
0.135429
0.56891
0.0998373
0.835982
0.488003
0.0523305
0.189206
0.220403
0.213014
0.898958
0.284358
0.414934
0.250256
0.425291
0.976896
0.919653
0.611088
0.902999
0.712947
0.958608
0.336927
0.164879
0.146188
0.925614
0.59056
0.671748
0.561187
0.603495
0.255263
0.165276
0.742053
0.281758
0.416735
0.0317574
0.6614
0.897707
0.102845
0.501814
0.364632
0.325991
0.656188
0.811045
0.424521
0.941599
0.114459
0.446604
0.34112
0.581278
0.973636
0.60472
0.261971
0.0284002
0.708974
0.984156
0.397637
0.146265
0.428818
0.0406037
0.507537
0.784835
0.0362176
0.827012
0.831104
0.585911
0.273367
0.54486
0.839243
0.811749
0.0238464
0.931363
0.181117
0.322105
0.247684
0.607616
0.201227
0.824732
0.924226
0.512678
0.401824
0.524297
0.377818
0.548589
0.225615
0.294749
0.361303
0.56133
0.533797
0.500118
0.272333
0.782712
0.154395
0.588756
0.877483
0.858216
0.875912
0.58601
0.91919
0.585756
0.261295
0.610335
0.9805
0.49039
0.657216
0.537847
0.982621
0.359959
0.773657
0.940311
0.690299
0.866678
0.208812
0.421563
0.6
0.399647
0.294308
0.47738
0.585905
0.233313
0.635725
0.00377408
0.678721
0.156862
0.723441
0.578736
0.3523
0.689553
0.988782
0.642406
0.693073
0.00698585
0.680486
0.700692
0.827298
0.703309
0.936485
0.677318
0.981116
0.514364
0.425989
0.53931
0.548421
0.126768
0.93689
0.320927
0.54155
0.197933
0.283479
0.67102
0.799772
0.712022
0.909474
0.0488348
0.330601
0.796844
0.561354
0.69325
0.158912
0.126687
0.407018
0.490451
0.058883
0.0360873
0.974746
0.865047
0.543733
0.469535
0.287478
0.819619
0.488284
0.892119
0.567403
0.247708
0.759334
0.286112
0.885861
0.645241
0.228836
0.358485
0.133559
0.345396
0.544897
0.0843686
0.686099
0.401902
0.0355882
0.711445
0.139814
0.245775
0.120561
0.350282
0.492926
0.240496
0.605486
0.2756
0.147004
0.260626
0.234296
0.0634812
0.10375
0.418852
0.874245
0.689514
0.732079
0.0664794
0.70878
0.712874
0.480531
0.192356
0.813224
0.671343
0.909978
0.345234
0.488272
0.812268
0.421655
0.204577
0.726301
0.284456
0.0555016
0.924788
0.18549
0.916001
0.733809
0.377894
0.0467507
0.703062
0.32519
0.419656
0.128481
0.134562
0.903854
0.304119
0.634115
0.477837
0.579197
0.371602
0.907501
0.150217
0.270704
0.135123
0.571081
0.301545
0.803164
0.890262
0.421889
0.732635
0.697197
0.973461
0.460357
0.274664
0.0300954
0.793765
0.426939
0.75451
0.741973
0.762995
0.221543
0.671014
0.762234
0.249362
0.580778
0.707192
0.331347
0.679521
0.388011
0.203379
0.892937
0.914053
0.99124
0.716307
0.931185
0.0213953
0.903776
0.789131
0.128548
0.575205
0.26274
0.0573817
0.21878
0.600156
0.420373
0.81586
0.910275
0.291183
0.0431521
0.171472
0.254723
0.631151
0.093731
0.906994
0.836065
0.0319729
0.0706807
0.180785
0.154783
0.12416
0.88105
0.187427
0.582477
0.819807
0.720738
0.904307
0.261779
0.774023
0.337674
0.04914
0.326559
0.369789
0.0528175
0.373424
0.817457
0.351264
0.913965
0.416833
0.667721
0.230518
0.357371
0.847551
0.134362
0.592713
0.752181
0.513542
0.0496138
0.424714
0.202681
0.329755
0.267716
0.592137
0.98335
0.12627
0.681999
0.589843
0.981738
0.582381
0.18729
0.690859
0.524143
0.371611
0.962627
0.618743
0.959113
0.642675
0.449284
0.868386
0.373752
0.96137
0.399113
0.800247
0.817837
0.838411
0.368196
0.633034
0.410761
0.968196
0.030809
0.459811
0.706271
0.303516
0.6887
0.412554
0.690028
0.0911991
0.350681
0.100135
0.784981
0.993693
0.757523
0.444753
0.239551
0.421582
0.727182
0.0417913
0.27362
0.202049
0.195316
0.168123
0.357349
0.708262
0.32613
0.563847
0.997794
0.574716
0.0685292
0.112465
0.408338
0.123495
0.532581
0.544492
0.435942
0.626481
0.561292
0.289512
0.1212
0.528502
0.872703
0.601662
0.266211
0.756407
0.147283
0.0835579
0.385264
0.239094
0.435653
0.733662
0.41333
0.76346
0.261606
0.642078
0.547376
0.291298
0.795452
0.459794
0.595483
0.862131
0.472667
0.766357
0.208779
0.206979
0.432858
0.460984
0.371188
0.198066
0.154045
0.302114
0.521985
0.259467
0.657244
0.720399
0.68617
0.863688
0.656374
0.030125
0.987649
0.239185
0.0284698
0.16408
0.920235
0.413822
0.97921
0.0568514
0.751448
0.719266
0.278758
0.801565
0.434146
0.881319
0.942913
0.705062
0.400951
0.821186
0.734572
0.366511
0.6165
0.292684
0.860515
0.90446
0.262499
0.480385
0.238486
0.457322
0.430599
0.683699
0.709601
0.0823059
0.198075
0.211893
0.571063
0.177774
0.461327
0.615049
0.804183
0.554045
0.902183
0.375955
0.372729
0.277636
0.462026
0.187944
0.966572
0.413932
0.698722
0.943656
0.565651
0.793302
0.40137
0.559749
0.199255
0.925652
0.837859
0.762544
0.275606
0.18841
0.01024
0.959605
0.856769
0.412952
0.292908
0.322259
0.253861
0.994468
0.828598
0.204055
0.317579
0.650261
0.0571984
0.0201558
0.799044
0.951484
0.752365
0.712671
0.155949
0.753317
0.940958
0.926928
0.179026
0.648582
0.0802911
0.0236755
0.81382
0.569792
0.868184
0.0522332
0.552786
0.664637
0.0608365
0.809569
0.772682
0.569915
0.673514
0.110322
0.392294
0.208891
0.939042
0.392755
0.225453
0.2371
0.399111
0.785656
0.404383
0.261585
0.503404
0.761164
0.24835
0.95857
0.0915275
0.49854
0.952625
0.214579
0.132755
0.0838772
0.472766
0.415981
0.0985886
0.670742
0.979204
0.0119809
0.34313
0.726756
0.257146
0.476046
0.866263
0.491119
0.426792
0.790768
0.834649
0.768062
0.358859
0.581165
0.235538
0.181245
0.160425
0.0214159
0.0383872
0.0140857
0.106077
0.640043
0.239297
0.761032
0.389379
0.148519
0.163254
0.514768
0.0696465
0.418321
0.399192
0.314358
0.58904
0.731418
0.742863
0.579329
0.234964
0.429198
0.522519
0.754691
0.922784
0.0848268
0.682412
0.291891
0.673853
0.324056
0.999096
0.0907117
0.163851
0.419453
0.805555
0.527101
0.716437
0.783086
0.598133
0.191943
0.117217
0.482628
0.901279
0.465763
0.623017
0.905913
0.76511
0.0543725
0.541474
0.698925
0.270777
0.610454
0.755942
0.10222
0.418652
0.566076
0.570701
0.810793
0.774323
0.301155
0.251488
0.482375
0.247404
0.772845
0.636339
0.0191739
0.378151
0.730875
0.191734
0.748051
0.506904
0.643812
0.889069
0.624132
0.201325
0.461275
0.276431
0.582859
0.316461
0.337073
0.120686
0.165478
0.0626148
0.438293
0.994883
0.542966
0.456028
0.965314
0.185971
0.0633931
0.527375
0.507768
0.29782
0.447723
0.663077
0.861435
0.924569
0.759054
0.454417
0.43107
0.769272
0.27029
0.429476
0.344178
0.582865
0.35526
0.0428813
0.400719
0.298444
0.528261
0.298361
0.983749
0.735855
0.757055
0.379119
0.0560103
0.251594
0.174287
0.661014
0.367443
0.709025
0.312354
0.48356
0.998646
0.143904
0.986703
0.0537338
0.36527
0.500222
0.95257
0.857594
0.808352
0.811357
0.460155
0.954717
0.895581
0.201534
0.833236
0.530442
0.558508
0.0826114
0.19622
0.0809284
0.19069
0.921161
0.47463
0.60603
0.831771
0.950878
0.794034
0.184977
0.562503
0.205292
0.402402
0.309869
0.235701
0.245793
0.240916
0.351991
0.668139
0.959977
0.288199
0.535926
0.418383
0.805292
0.802997
0.796494
0.275558
0.873007
0.590288
0.893498
0.584057
0.147487
0.415837
0.15928
0.529184
0.335784
0.694182
0.254092
0.508739
0.642541
0.575058
0.304284
0.715532
0.865202
0.553265
0.798296
0.0558472
0.184543
0.726964
0.615466
0.528831
0.025513
0.829418
0.562654
0.191828
0.363383
0.159167
0.793674
0.836649
0.850212
0.533642
0.486543
0.50178
0.136625
0.391215
0.153532
0.945521
0.763904
0.166686
0.959047
0.205077
0.00138633
0.0652119
0.420304
0.36657
0.00418408
0.359668
0.865831
0.671
0.666208
0.336447
0.0267749
0.0811353
0.54351
0.0147019
0.13602
0.434351
0.222934
0.764017
0.910125
0.306394
0.511079
0.945525
0.789067
0.71109
0.818581
0.701454
0.808803
0.76099
0.114699
0.0181192
0.481635
0.413951
0.827219
0.187347
0.0594022
0.430656
0.0626688
0.791337
0.554468
0.668072
0.521844
0.335968
0.893536
0.833841
0.485649
0.657529
0.579267
0.826617
0.24625
0.227899
0.234713
0.787331
0.358539
0.483163
0.405565
0.986403
0.0869094
0.300657
0.995209
0.67188
0.42235
0.749458
0.707601
0.00352422
0.0448447
0.239314
0.872947
0.197829
0.606085
0.193001
0.0311988
0.00897806
0.707504
0.367128
0.648367
0.670737
0.948608
