0.288415
0.895285
0.240909
0.267588
0.655918
0.991724
0.808351
0.742993
0.418662
0.579333
0.183501
0.893684
0.77012
0.795863
0.142669
0.848387
0.518252
0.807818
0.242844
0.937145
0.931657
0.0559481
0.835967
0.284619
0.0779816
0.915079
0.637642
0.504862
0.279508
0.642681
0.475831
0.372743
0.310838
0.491806
0.843927
0.346851
0.963894
0.862806
0.883755
0.819034
0.605048
0.369392
0.423154
0.965497
0.349408
0.693491
0.693244
0.0744088
0.477322
0.104354
0.350409
0.225082
0.718088
0.516669
0.427935
0.193771
0.0258461
0.962676
0.842404
0.461008
0.472616
0.353443
0.0797157
0.195425
0.883536
0.404157
0.685747
0.0892901
0.839368
0.598448
0.186879
0.920428
0.671066
0.0668438
0.064953
0.715875
0.071619
0.254232
0.412216
0.391962
0.950037
0.251402
0.890627
0.746015
0.152573
0.665642
0.621153
0.674685
0.676094
0.905444
0.627555
0.493655
0.998589
0.754172
0.459898
0.234167
0.152039
0.107914
0.622855
0.790831
0.16222
0.752331
0.433534
0.796234
0.480969
0.0535279
0.934104
0.0969696
0.0353989
0.438067
0.48413
0.706308
0.519428
0.53704
0.657463
0.108362
0.552515
0.869111
0.0689528
0.788859
0.33048
0.937727
0.755754
0.86748
0.393582
0.617348
0.738458
0.706715
0.136832
0.703692
0.386669
0.372337
0.687348
0.503181
0.214542
0.820439
0.774028
0.336261
0.730808
0.68592
0.21438
0.829941
0.968586
0.54774
0.643512
0.874343
0.319863
0.545528
0.11029
0.118265
0.299628
0.222844
0.165757
0.878863
0.864744
0.472101
0.0687195
0.340411
0.912453
0.45585
0.733447
0.917055
0.583645
0.379739
0.0446039
0.654698
0.995731
0.992078
0.164496
0.546889
0.0302422
0.684884
0.457211
0.639826
0.800148
0.0715245
0.655274
0.801411
0.421779
0.915874
0.893273
0.0293194
0.716528
0.288159
0.233713
0.173201
0.467183
0.8222
0.310142
0.945849
0.853952
0.949338
0.71237
0.0985932
0.695217
0.983908
0.738902
0.635598
0.117911
0.935187
0.141614
0.942249
0.282608
0.921022
0.487494
0.702687
0.78837
0.0579309
0.762731
0.481325
0.382128
0.702844
0.84384
0.843502
0.597951
0.921313
0.461072
0.890039
0.950769
0.0573993
0.278962
0.0811073
0.310044
0.279982
0.719119
0.223908
0.077844
0.980764
0.150111
0.499589
0.796896
0.898777
0.0696557
0.404175
0.813101
0.846449
0.903896
0.478456
0.617832
0.912231
0.0489033
0.702175
0.494894
0.0148027
0.779399
0.427003
0.0972147
0.683849
0.649608
0.723748
0.578226
0.942356
0.0113216
0.0186467
0.902768
0.165525
0.274198
0.893563
0.962961
0.791182
0.533102
0.925391
0.123543
0.756877
0.187877
0.439498
0.821926
0.538348
0.18002
0.0521352
0.848093
0.6647
0.471778
0.877048
0.92898
0.585169
0.392314
0.27104
0.242666
0.762279
0.476079
0.993663
0.487223
0.866714
0.418365
0.655937
0.129217
0.948741
0.773111
0.333151
0.45703
0.461091
0.0177766
0.216718
0.063623
0.00851566
0.610523
0.180058
0.384278
0.698841
0.664505
0.133662
0.91375
0.970631
0.864362
0.0440081
0.728373
0.77233
0.249964
0.491809
0.937611
0.968122
0.492228
0.644097
0.690453
0.845137
0.286222
0.515426
0.361462
0.597428
0.48638
0.393274
0.541473
0.66137
0.609022
0.302265
0.457994
0.777698
0.326867
0.382704
0.450334
0.655084
0.580988
0.0579817
0.124362
0.110258
0.934691
0.866163
0.811994
0.559694
0.794745
0.83055
0.960365
0.737912
0.124831
0.244392
0.0756356
0.517259
0.276008
0.744592
0.846581
0.704335
0.559511
0.549498
0.0727514
0.687907
0.186696
0.735752
0.0224612
0.813459
0.201172
0.429253
0.845291
0.359238
0.0281076
0.785085
0.664482
0.988881
0.265742
0.631601
0.973785
0.555655
0.344037
0.653464
0.964238
0.133157
0.67565
0.988899
0.40545
0.147732
0.923869
0.115888
0.706618
0.487247
0.0129968
0.902414
0.782306
0.46162
0.505689
0.69588
0.347837
0.48984
0.972682
0.326545
0.269374
0.388447
0.979504
0.899923
0.593703
0.136771
0.315537
0.253387
0.882714
0.993594
0.0902235
0.95175
0.477578
0.840398
0.321415
0.696948
0.317584
0.626198
0.640939
0.0267651
0.938652
0.788923
0.742345
0.177595
0.276587
0.528401
0.195905
0.986389
0.899959
0.805821
0.255661
0.706431
0.297753
0.944848
0.283786
0.61246
0.846579
0.709201
0.417088
0.26963
0.0826957
0.731945
0.100687
0.341631
0.903696
0.171147
0.113906
0.812866
0.324752
0.467315
0.71335
0.499685
0.414759
0.0771674
0.518082
0.725654
0.037018
0.0591579
0.762207
0.0359561
0.0196425
0.385463
0.539357
0.825728
0.38062
0.855591
0.664595
0.757655
0.232689
0.486433
0.778386
0.843402
0.9927
0.254078
0.317797
0.0643107
0.520895
0.061938
0.979887
0.406004
0.81463
0.810729
0.302221
0.182134
0.882022
0.444729
0.985717
0.522169
0.420083
0.849774
0.584485
0.898297
0.922696
0.477784
0.18805
0.566277
0.843196
0.572833
0.720576
0.795461
0.436607
0.873763
0.48246
0.762801
0.906673
0.668399
0.558953
0.986019
0.482505
0.074288
0.721091
0.17068
0.049931
0.42109
0.443703
0.346532
0.962487
0.609372
0.665731
0.167713
0.657194
0.321147
0.917618
0.252138
0.699952
0.956803
0.440974
0.434916
0.885644
0.173716
0.925354
0.810844
0.0178806
0.901442
0.487306
0.440907
0.993541
0.708303
0.516542
0.597935
0.816862
0.394719
0.0143005
0.42625
0.168333
0.688033
0.0489338
0.890374
0.153223
0.913898
0.953652
0.887885
0.854804
0.519182
0.891484
0.401188
0.317237
0.321529
0.412397
0.563493
0.583186
0.360401
0.627545
0.513761
0.411116
0.224755
0.625936
0.915792
0.297252
0.7322
0.75792
0.016277
0.427265
0.834757
0.411251
0.117022
0.182554
0.62623
0.904018
0.336116
0.826325
0.326077
0.119978
0.533264
0.994374
0.114783
0.51098
0.274148
0.615353
0.696004
0.0915694
0.708819
0.885988
0.460022
0.0508092
0.239184
0.92585
0.123976
0.60635
0.850556
0.736781
0.723476
0.725506
0.982277
0.0920382
0.830927
0.338711
0.81236
0.980257
0.875323
0.67011
0.83121
0.228848
0.438653
0.310238
0.579438
0.932329
0.403844
0.655985
0.424731
0.310114
0.82924
0.342761
0.252748
0.619288
0.42473
0.293777
0.947063
0.746689
0.504366
0.0115609
0.533293
0.106032
0.290532
0.736642
0.86213
0.464513
0.444747
0.0984489
0.706591
0.324176
0.699941
0.883349
0.14812
0.482874
0.469435
0.544918
0.126993
0.400114
0.30726
0.0813666
0.0316607
0.99237
0.0952704
0.905224
0.202098
0.48324
0.83168
0.330066
0.222359
0.933156
0.896217
0.29957
0.877063
0.0739808
0.666774
0.983749
0.647056
0.0730154
0.362733
0.867204
0.619038
0.851976
0.989748
0.954844
0.684303
0.58546
0.261171
0.719517
0.901524
0.00418823
0.370931
0.417022
0.89864
0.127938
0.493114
0.393216
0.188728
0.0530518
0.883013
0.00830893
0.275041
0.41986
0.454782
0.80341
0.41998
0.184549
0.710593
0.534187
0.953256
0.320832
0.896422
0.696747
0.994052
0.0763639
0.259396
0.170752
0.462213
0.408673
0.281645
0.604569
0.253605
0.226
0.765742
0.167836
0.454366
0.0576077
0.646793
0.29599
0.469463
0.778942
0.40589
0.0521546
0.940062
0.0163727
0.96036
0.731052
0.325111
0.856698
0.905402
0.330333
0.0219572
0.486323
0.982353
0.513835
0.900975
0.385022
0.648537
0.692184
0.129345
0.699605
0.623628
0.845576
0.158806
0.421978
0.28763
0.713692
0.752564
0.997227
0.805333
0.977821
0.926135
0.986074
0.852443
0.060207
0.677383
0.407227
0.818208
0.165529
0.380545
0.384368
0.359566
0.189596
0.719335
0.722775
0.182007
0.120209
0.0341176
0.0406728
0.921798
0.555283
0.958112
0.0802919
0.0048926
0.963027
0.217755
0.823588
0.357455
0.309461
0.471954
0.0376054
0.842746
0.677949
0.0655907
0.874651
0.299822
0.506133
0.571992
0.152027
0.0585856
0.0648468
0.999385
0.936508
0.80652
0.804337
0.536637
0.0585356
0.681943
0.192659
0.712829
0.181002
0.468839
0.671194
0.846013
0.0478442
0.768216
0.352457
0.655995
0.537244
0.0211281
0.0850286
0.91622
0.144561
0.258079
0.510635
0.0196695
0.519888
0.450196
0.738555
0.333809
0.685339
0.336801
0.26201
0.219695
0.557059
0.604651
0.741952
0.59006
0.39691
0.293679
0.282912
0.881455
0.818687
0.304307
0.82603
0.3155
0.974301
0.881377
0.284356
0.324146
0.544432
0.949547
0.0452835
0.0141013
0.15892
0.175335
0.465152
0.545175
0.871957
0.630676
0.981094
0.297812
0.316708
0.933089
0.465024
0.704567
0.16497
0.737351
0.444821
0.620828
0.516215
0.45372
0.81773
0.10932
0.841431
0.0678519
0.680922
0.514016
0.106741
0.937142
0.904232
0.697772
0.701551
0.438613
0.0700981
0.319288
0.796519
0.34355
0.405732
0.0239857
0.756059
0.793451
0.332389
0.42396
0.230733
0.752765
0.256882
0.742105
0.554186
0.813014
0.230325
0.995127
0.0697737
0.223603
0.0988887
0.590776
0.011944
0.0241423
0.772017
0.214047
0.567238
0.153281
0.232591
0.877466
0.740089
0.409229
0.914362
0.0105125
0.648139
0.136734
0.0716505
0.46291
0.872385
0.515653
0.76608
0.29722
0.48699
0.326067
0.0956218
0.245358
0.393659
0.0650538
0.290831
0.704186
0.58592
0.289854
0.303135
0.145138
0.9679
0.0627874
0.510463
0.813029
0.352874
0.372567
0.164958
0.588831
0.266478
0.407286
0.207982
0.891453
0.179633
0.553929
0.0771554
0.493785
0.796152
0.999416
0.130777
0.127557
0.0200196
0.808286
0.314237
0.752452
0.227319
0.351855
0.693753
0.364198
0.467965
0.963986
0.482232
0.216747
0.222013
0.698462
0.182346
0.333438
0.33569
0.0627755
0.471827
0.182419
0.762145
0.603679
0.455801
0.390847
0.731802
0.219134
0.911526
0.373457
0.977538
0.0719072
0.150152
0.749912
0.6394
0.979684
0.120739
0.426441
0.474103
0.15682
0.381445
0.216398
0.994228
0.182532
0.562913
0.874941
0.161973
0.0708113
0.948848
0.422746
0.262788
0.3167
0.798692
0.633837
0.583555
0.794321
0.0377133
0.562412
0.520485
0.381397
0.93898
0.983753
