9.13488e-06
0.059733
0.59385
0.186894
0.0975826
0.0923387
0.803011
0.889152
0.166921
0.494211
0.648219
0.705899
0.873328
0.68941
0.0507149
0.624532
0.813291
0.106723
0.862676
0.0407436
0.422194
0.727034
0.0757172
0.114479
0.577348
0.279119
0.162194
0.586828
0.271327
0.208889
0.924328
0.182861
0.730624
0.54706
0.226139
0.725394
0.354611
0.800273
0.983191
0.0846995
0.849823
0.990639
0.785149
0.0891474
0.934542
0.96873
0.526154
0.521791
0.988702
0.125007
0.418004
0.327883
0.0241053
0.624677
0.76115
0.158335
0.349945
0.291
0.848505
0.374111
0.30865
0.262024
0.377066
0.636559
0.457034
0.545763
0.742347
0.208681
0.567762
0.598806
0.590624
0.0923423
0.826128
0.0533727
0.00399547
0.12641
0.597143
0.7178
0.693251
0.170842
0.137938
0.975466
0.573559
0.501702
0.63048
0.707157
0.0979572
0.542118
0.909598
0.861863
0.723666
0.0541767
0.261325
0.801023
0.886208
0.916756
0.666546
0.541192
0.856341
0.614293
0.864967
0.0201644
0.854804
0.561495
0.614392
0.511515
0.799876
0.388977
0.520311
0.312596
0.0627489
0.314851
0.810802
0.830954
0.605708
0.727241
0.431747
0.194201
0.878132
0.102743
0.837362
0.508311
0.845295
0.385816
0.851031
0.88936
0.524997
0.954117
0.971463
0.3937
0.406988
0.29477
0.499155
0.971575
0.130221
0.516571
0.858169
0.569169
0.792908
0.823136
0.488225
0.504094
0.270389
0.0719807
0.682098
0.23932
0.91582
0.544539
0.743337
0.680535
0.0186653
0.0521241
0.839291
0.121945
0.396009
0.502818
0.924448
0.965513
0.491674
0.0543063
0.10909
0.338639
0.358155
0.977649
0.848254
0.735265
0.896369
0.356985
0.326014
0.805433
0.728208
0.750177
0.410066
0.418271
0.0769132
0.935396
0.551632
0.123418
0.0302598
0.868635
0.00567914
0.135886
0.56155
0.977175
0.74644
0.969366
0.683425
0.913971
0.453256
0.842959
0.109481
0.897988
0.941732
0.986359
0.79871
0.765471
0.415196
0.96846
0.757739
0.857151
0.911481
0.174411
0.475893
0.866389
0.320012
0.556105
0.368064
0.77326
0.344209
0.781098
0.600396
0.989568
0.784203
0.904981
0.673779
0.83981
0.514863
0.692176
0.14016
0.503064
0.534135
0.710174
0.826662
0.540825
0.456694
0.322212
0.94252
0.135774
0.82791
0.703386
0.443824
0.166483
0.633125
0.00520433
0.0310817
0.243061
0.377243
0.79357
0.154585
0.828737
0.109632
0.885212
0.402596
0.572376
0.769339
0.707547
0.647343
0.976942
0.225617
0.306977
0.323831
0.528886
0.388764
0.130634
0.216457
0.413483
0.76628
0.70655
0.128451
0.941098
0.839325
0.347272
0.809116
0.809395
0.634501
0.00191373
0.51389
0.326482
0.86594
0.381644
0.572216
0.719991
0.0227074
0.483612
0.338226
0.6571
0.776516
0.638309
0.899235
0.100487
0.0847538
0.20537
0.917055
0.625228
0.363824
0.0428165
0.97711
0.321625
0.107795
0.874724
0.820372
0.408981
0.327372
0.682342
0.833107
0.685301
0.184163
0.243641
0.169435
0.937941
0.195282
0.946304
0.881701
0.440187
0.383239
0.999149
0.433653
0.658778
0.746164
0.166994
0.971448
0.297358
0.42333
0.153957
0.727451
0.800876
0.930993
0.760198
0.931862
0.445916
0.843544
0.937086
0.607148
0.141963
0.294979
0.865824
0.620289
0.0686153
0.675667
0.184488
0.367835
0.273727
0.899448
0.488526
0.468781
0.357488
0.616031
0.229674
0.840246
0.367448
0.743713
0.138329
0.530973
0.0294689
0.697399
0.29434
0.687634
0.439622
0.686951
0.971254
0.0289558
0.342019
0.460832
0.378988
0.202648
0.117582
0.870076
0.429943
0.400154
0.608752
0.627566
0.653556
0.604206
0.905129
0.637618
0.384286
0.844199
0.215059
0.27089
0.34804
0.83437
0.948151
0.959592
0.77204
0.369802
0.133734
0.488017
0.143119
0.855223
0.300253
0.353378
0.739462
0.341633
0.940598
0.571962
0.0607808
0.445739
0.688378
0.305594
0.281928
0.527195
0.330124
0.683416
0.854947
0.498666
0.778436
0.193972
0.384561
0.643696
0.131063
0.0226185
0.902098
0.817394
0.940925
0.709231
0.662854
0.404928
0.822068
0.501238
0.591897
0.412833
0.516559
0.776954
0.503298
0.0681369
0.547318
0.91424
0.217816
0.300288
0.58189
0.979462
0.704004
0.480904
0.632147
0.611771
0.367762
0.796332
0.214938
0.47769
0.615328
0.628016
0.598665
0.671022
0.814699
0.315684
0.260809
0.43306
0.780498
0.678342
0.681384
0.568116
0.907275
0.668083
0.597328
0.929359
0.0762397
0.531709
0.842843
0.349971
0.460446
0.855161
0.900657
0.39461
0.353397
0.865773
0.289235
0.306185
0.146103
0.367321
0.910923
0.522951
0.577563
0.6829
0.486029
0.140906
0.383695
0.980608
0.197843
0.696509
0.469698
0.357038
0.673596
0.644706
0.730854
0.0535902
0.426351
0.907271
0.646763
0.180591
0.882836
0.866459
0.774021
0.324227
0.122217
0.178967
0.262335
0.411294
0.450801
0.785215
0.519071
0.20675
0.93768
0.488935
0.147243
0.819091
0.0363178
0.482074
0.281937
0.588533
0.417065
0.190006
0.450181
0.733007
0.135619
0.812063
0.0792364
0.126971
0.262415
0.932372
0.778343
0.588025
0.0979624
0.576008
0.518894
0.0463525
0.0991108
0.0854623
0.838044
0.971959
0.641259
0.192413
0.190768
0.434736
0.741499
0.659822
0.575344
0.17233
0.867697
0.869331
0.557278
0.0408256
0.958515
0.728983
0.816673
0.223242
0.779366
0.276242
0.344024
0.570843
0.739311
0.35134
0.409459
0.452255
0.293885
0.715925
0.430415
0.485404
0.0588763
0.992027
0.862751
0.527261
0.760024
0.796336
0.240296
0.296398
0.143668
0.444791
0.487843
0.00336035
0.97333
0.602482
0.632568
0.363853
0.237231
0.253867
0.0389004
0.369734
0.691752
0.368297
0.291817
0.192822
0.865826
0.635855
0.853586
0.596521
0.651269
0.648512
0.618937
0.23025
0.604053
0.90159
0.493681
0.181692
0.0815095
0.990537
0.121756
0.161851
0.340477
0.378022
0.885716
0.697923
0.72138
0.106332
0.30566
0.708984
0.0432528
0.830091
0.96159
0.839476
0.334691
0.544283
0.0642186
0.925528
0.0257505
0.382597
0.7992
0.969067
0.725778
0.861075
0.569811
0.994756
0.71218
0.94208
0.263062
0.164743
0.25513
0.293572
0.664249
0.526212
0.903214
0.118695
0.144941
0.766762
0.855013
0.930685
0.749404
0.352583
0.541619
0.648081
0.804469
0.42446
0.545096
0.385254
0.177829
0.826576
0.977873
0.313245
0.309779
0.643133
0.448076
0.965919
0.143389
0.617791
0.735795
0.366429
0.0781206
0.830908
0.305299
0.348994
0.0718779
0.00960058
0.77817
0.450989
0.0164927
0.845617
0.492392
0.750346
0.511653
0.69602
0.272369
0.02327
0.162264
0.0416784
0.534883
0.597266
0.524251
0.0785833
0.855983
0.27448
0.823798
0.816963
0.123826
0.700348
0.575021
0.0632211
0.40244
0.552565
0.221083
0.659678
0.631431
0.925359
0.923743
0.357132
0.286632
0.284084
0.626349
0.695233
0.126681
0.365119
0.515257
0.26566
0.150542
0.396086
0.00469997
0.733123
0.890964
0.0113733
0.370086
0.989168
0.16887
0.237981
0.154735
0.813799
0.433694
0.926667
0.47506
0.419914
0.814651
0.00341783
0.349175
0.255545
0.00793947
0.916222
0.173947
0.438924
0.124889
0.65216
0.475486
0.20135
0.626044
0.69981
0.058069
0.712871
0.466177
0.331959
0.676505
0.665786
0.575254
0.58363
0.356934
0.990947
0.800321
0.300427
0.491066
0.0818831
0.433343
0.632181
0.828858
0.901736
0.449969
0.346918
0.494624
0.348002
0.584239
0.340136
0.15159
0.250094
0.364232
0.714397
0.43988
0.374711
0.233645
0.804223
0.81294
0.814021
0.884313
0.521318
0.897405
0.13166
0.924667
0.395091
0.501398
0.641537
0.00912731
0.683498
0.396268
0.194457
0.553438
0.929194
0.996765
0.847555
0.160932
0.335994
0.0646569
0.791541
0.884744
0.340658
0.560775
0.910759
0.450949
0.754973
0.770508
0.351058
0.567648
0.853162
0.827721
0.470476
0.444988
0.779594
0.762127
0.547737
0.651117
0.651811
0.195079
0.623555
0.429077
0.733875
0.808816
0.849763
0.599641
0.0550106
0.714134
0.721238
0.17508
0.848576
0.8415
0.565654
0.808868
0.186341
0.480603
0.666036
0.206329
0.18307
0.0933463
0.391133
0.621218
0.146433
0.525265
0.708604
0.563243
0.0472152
0.740397
0.456009
0.841518
0.684846
0.204579
0.74462
0.068959
0.923236
0.0421886
0.871043
0.752618
0.371936
0.0913154
0.111652
0.0949515
0.887595
0.982379
0.774833
0.631025
0.270739
0.365176
0.886042
0.826661
0.532866
0.409372
0.880679
0.762519
0.10884
0.703423
0.679772
0.029116
0.389613
0.676942
0.523468
0.957784
0.950248
0.6715
0.937347
0.312563
0.848262
0.784861
0.20654
0.568033
0.367275
0.613662
0.732665
0.898086
0.580979
0.0195211
0.64857
0.000628905
0.112409
0.0435947
0.0658944
0.883233
0.463541
0.0945604
0.330438
0.734713
0.290187
0.535045
0.660347
0.007646
0.997215
0.791488
0.542107
0.83683
0.0290736
0.112442
0.259354
0.918677
0.230632
0.10031
0.929496
0.976549
0.653333
0.141524
0.423144
0.937021
0.181658
0.860153
0.541358
0.942094
0.354904
0.719961
0.825711
0.322337
0.759275
0.899889
0.376152
0.655967
0.36528
0.567985
0.0516958
0.0388722
0.185453
0.678763
0.428917
0.690569
0.627377
0.419008
0.893259
0.0210915
0.917025
0.427013
0.238153
0.28383
0.967413
0.910253
0.146955
0.939298
0.0675618
0.786501
0.932689
0.854835
0.76678
0.973377
0.910608
0.465259
0.329248
0.951335
0.778562
0.0194424
0.133923
0.725093
0.380186
0.0378337
0.394756
0.308491
0.225892
0.105915
0.576213
0.857799
0.146678
0.128594
0.879122
0.578446
0.455753
0.170542
0.17182
0.530202
0.992966
0.00745399
0.74162
0.455792
0.427055
0.513265
0.24159
0.757943
0.190703
0.0082899
0.207639
0.749874
0.423412
0.693305
0.520921
0.30422
0.297185
0.29457
0.190553
0.0254014
0.100022
0.0447823
0.831636
0.0704163
0.452229
0.124975
0.213602
0.743085
0.0305387
0.692347
0.253859
0.986722
0.175045
0.619029
0.831763
0.900253
0.753948
0.0667989
0.79789
0.402762
