3.65395e-05
0.238932
0.375401
0.747575
0.39033
0.369355
0.212044
0.556609
0.667683
0.976846
0.592877
0.823596
0.493311
0.757639
0.202859
0.498127
0.253162
0.426893
0.450705
0.162974
0.688776
0.908136
0.302869
0.457916
0.309392
0.116478
0.648776
0.347314
0.085309
0.835555
0.697313
0.731446
0.922494
0.18824
0.904558
0.901578
0.418443
0.201091
0.932763
0.338798
0.399291
0.962554
0.140596
0.356589
0.738167
0.87492
0.104616
0.0871624
0.95481
0.500026
0.672016
0.31153
0.0964213
0.498707
0.0445991
0.633338
0.39978
0.164
0.39402
0.496442
0.2346
0.0480973
0.508265
0.546235
0.828136
0.183051
0.969389
0.834726
0.27105
0.395223
0.362497
0.369369
0.304513
0.213491
0.0159819
0.505641
0.388572
0.871199
0.773006
0.683369
0.551751
0.901865
0.294236
0.00680867
0.521919
0.828627
0.391829
0.168472
0.638392
0.447453
0.894665
0.216707
0.0452981
0.20409
0.544834
0.667023
0.666182
0.164769
0.425364
0.457174
0.459869
0.0806575
0.419215
0.245979
0.457569
0.046062
0.199504
0.555908
0.0812434
0.250382
0.250995
0.259404
0.243206
0.323814
0.422834
0.908966
0.726988
0.776803
0.512527
0.410973
0.349447
0.0332438
0.381181
0.543264
0.404123
0.55744
0.0999872
0.816468
0.88585
0.574802
0.627952
0.179079
0.996618
0.886301
0.520885
0.0662842
0.432677
0.276674
0.171631
0.292545
0.952901
0.0163758
0.081555
0.287923
0.728392
0.957281
0.663279
0.178158
0.973348
0.72214
0.074661
0.208496
0.357163
0.487779
0.584036
0.0112705
0.697792
0.862053
0.966695
0.217225
0.436359
0.354555
0.432621
0.910597
0.393017
0.941059
0.585476
0.427941
0.304056
0.221733
0.912831
0.000709629
0.640262
0.673086
0.307653
0.741582
0.206529
0.493672
0.121039
0.474541
0.0227166
0.543546
0.246201
0.9087
0.985759
0.877464
0.733699
0.655882
0.813025
0.371836
0.437925
0.591951
0.766928
0.945434
0.19484
0.0618842
0.660785
0.873839
0.0309571
0.428605
0.645924
0.697645
0.903573
0.465557
0.280047
0.224418
0.472258
0.0930382
0.376835
0.124392
0.401584
0.958271
0.136813
0.619926
0.695115
0.359238
0.0594538
0.768705
0.560638
0.0122552
0.136541
0.840695
0.306647
0.163301
0.826776
0.288847
0.770078
0.543097
0.31164
0.813546
0.775297
0.665932
0.532501
0.0208173
0.124327
0.972245
0.508973
0.17428
0.618338
0.314947
0.438529
0.540849
0.610382
0.289506
0.0773559
0.830186
0.589373
0.907769
0.902466
0.227909
0.295323
0.115546
0.555058
0.522536
0.865829
0.653933
0.065121
0.826199
0.513804
0.764392
0.357301
0.389086
0.236464
0.23758
0.538004
0.00765493
0.0555599
0.305928
0.46376
0.526577
0.288864
0.879965
0.0908296
0.934448
0.352902
0.6284
0.106064
0.553234
0.596942
0.401948
0.339015
0.821482
0.668222
0.500911
0.455295
0.171266
0.90844
0.286501
0.431182
0.498896
0.281486
0.635924
0.309486
0.729367
0.332427
0.741205
0.736653
0.974565
0.677742
0.751763
0.781126
0.785216
0.526802
0.760748
0.532956
0.996595
0.734613
0.63511
0.984656
0.667975
0.885791
0.189432
0.693319
0.61583
0.909803
0.203506
0.72397
0.0407903
0.727448
0.783663
0.374178
0.748345
0.428593
0.567851
0.179915
0.463294
0.481155
0.274461
0.702667
0.737953
0.47134
0.0949071
0.597791
0.954102
0.875123
0.429953
0.464126
0.918697
0.360983
0.469793
0.974851
0.553315
0.12389
0.117876
0.789597
0.177359
0.750537
0.758487
0.747803
0.885015
0.115823
0.368075
0.843327
0.515952
0.810593
0.470329
0.480306
0.719774
0.600617
0.435007
0.510264
0.614225
0.416825
0.620515
0.550472
0.537143
0.376795
0.860236
0.083559
0.392161
0.337482
0.792604
0.838368
0.0881601
0.479207
0.534937
0.952068
0.572476
0.42089
0.201011
0.413512
0.957848
0.366533
0.762393
0.287849
0.243123
0.782957
0.753513
0.222378
0.127712
0.108781
0.320498
0.733663
0.419788
0.994665
0.113745
0.775889
0.538244
0.574786
0.524253
0.0904738
0.608391
0.269577
0.7637
0.836925
0.651418
0.619711
0.288271
0.00494993
0.367587
0.651333
0.0662346
0.107817
0.0131935
0.272548
0.189273
0.656962
0.871265
0.201151
0.32756
0.917849
0.816015
0.923617
0.52859
0.447082
0.471048
0.185328
0.859751
0.91076
0.461311
0.512065
0.39466
0.684089
0.258795
0.262738
0.0432378
0.732241
0.121993
0.71337
0.725535
0.272462
0.629098
0.672334
0.389313
0.717435
0.304959
0.126835
0.371372
0.399884
0.841783
0.420646
0.602627
0.578439
0.41359
0.463092
0.156939
0.224741
0.584412
0.469283
0.64369
0.0918046
0.310251
0.731602
0.944114
0.563624
0.534779
0.922433
0.791373
0.786034
0.878793
0.428153
0.694384
0.578823
0.923416
0.214361
0.705403
0.629085
0.58705
0.722363
0.531345
0.465835
0.0960846
0.296909
0.488869
0.715866
0.0493417
0.645176
0.803202
0.140859
0.0762849
0.827
0.75072
0.955741
0.58897
0.276364
0.145271
0.928296
0.12775
0.354132
0.668261
0.760025
0.800724
0.93203
0.542476
0.248252
0.316946
0.507883
0.0496604
0.729487
0.113374
0.352102
0.39185
0.304034
0.0755751
0.18541
0.396443
0.341849
0.352177
0.887837
0.565036
0.769653
0.763074
0.738946
0.965995
0.639288
0.301375
0.689321
0.470787
0.477325
0.229112
0.163302
0.83406
0.91593
0.266691
0.892968
0.117465
0.104967
0.376095
0.28337
0.957242
0.405358
0.637836
0.809019
0.175541
0.863698
0.721661
0.941617
0.235505
0.968107
0.451003
0.109044
0.0400956
0.185344
0.961185
0.18559
0.574672
0.779164
0.951371
0.0134414
0.893319
0.40993
0.530273
0.455414
0.948924
0.0154696
0.155602
0.478937
0.767009
0.473187
0.167269
0.77129
0.463304
0.543419
0.414343
0.386084
0.605076
0.594047
0.475749
0.921
0.416211
0.606358
0.974725
0.726767
0.326038
0.962148
0.487024
0.647402
0.361907
0.512088
0.542865
0.791694
0.885522
0.425328
0.222639
0.835934
0.173011
0.320362
0.846362
0.357905
0.338764
0.177131
0.256874
0.702111
0.103002
0.530386
0.1968
0.876266
0.903111
0.4443
0.279244
0.979026
0.848718
0.768321
0.0522494
0.658972
0.0205191
0.174286
0.656997
0.10485
0.612857
0.474779
0.579763
0.067047
0.420052
0.72274
0.997616
0.410333
0.166477
0.592326
0.217877
0.697841
0.180386
0.541017
0.711318
0.306302
0.911493
0.25298
0.239115
0.572533
0.792302
0.863675
0.573554
0.471164
0.943182
0.465715
0.312483
0.323631
0.221195
0.395976
0.287512
0.0384023
0.112678
0.803956
0.0659707
0.38247
0.969567
0.00138349
0.0466102
0.784079
0.0894775
0.0930798
0.649054
0.166713
0.13953
0.389065
0.0970048
0.314333
0.423933
0.0979194
0.295193
0.267854
0.495305
0.801392
0.300085
0.252884
0.609758
0.210259
0.884331
0.63871
0.525723
0.701437
0.694973
0.428528
0.146526
0.136337
0.505395
0.780931
0.506723
0.460477
0.0610281
0.0626399
0.602169
0.584343
0.0187999
0.932492
0.563855
0.0454932
0.480342
0.956672
0.675478
0.951922
0.618941
0.255197
0.734777
0.706668
0.900242
0.679654
0.258604
0.0136713
0.3967
0.0221795
0.0317579
0.664887
0.695788
0.755697
0.499558
0.608641
0.901943
0.805399
0.504175
0.79924
0.232276
0.851486
0.864708
0.327834
0.70602
0.663144
0.301015
0.33452
0.427736
0.963787
0.201285
0.201707
0.964265
0.327532
0.733373
0.528722
0.315432
0.606943
0.799876
0.387671
0.978497
0.392007
0.336957
0.360545
0.606362
0.000375735
0.456929
0.857587
0.75952
0.498843
0.93458
0.216891
0.25176
0.256085
0.537251
0.0852714
0.58962
0.52664
0.698667
0.580365
0.00559201
0.566147
0.0365093
0.733994
0.585071
0.777828
0.213751
0.716774
0.987061
0.390219
0.643729
0.343976
0.258628
0.166163
0.538976
0.362631
0.243102
0.643035
0.803796
0.0198933
0.0820315
0.404232
0.270594
0.412649
0.310886
0.881905
0.779954
0.118374
0.0485076
0.190947
0.604467
0.607246
0.780317
0.494222
0.716308
0.9355
0.235265
0.399052
0.398566
0.220042
0.856535
0.884952
0.70032
0.394306
0.365998
0.262614
0.235471
0.745362
0.922414
0.664142
0.825315
0.732279
0.373385
0.564534
0.484873
0.585732
0.10106
0.834417
0.252973
0.188861
0.961588
0.824035
0.366071
0.739382
0.818318
0.978479
0.275836
0.692945
0.168754
0.484174
0.0104737
0.487745
0.365262
0.44661
0.379806
0.550379
0.929515
0.0993308
0.524099
0.0829578
0.460704
0.544167
0.306642
0.131463
0.637486
0.522718
0.0500742
0.435359
0.81369
0.719088
0.116464
0.558451
0.707768
0.0938723
0.831136
0.800992
0.685999
0.749388
0.250251
0.393048
0.139444
0.826162
0.272132
0.469101
0.454646
0.930661
0.592342
0.323915
0.0780845
0.594281
0.00251562
0.449637
0.174379
0.263577
0.532934
0.854164
0.378242
0.321752
0.938853
0.160749
0.140181
0.641387
0.030584
0.988862
0.165953
0.168427
0.347319
0.116295
0.449769
0.0374178
0.674709
0.922527
0.401241
0.717985
0.906196
0.61333
0.566095
0.692575
0.748085
0.726631
0.440613
0.165433
0.768377
0.419618
0.879844
0.302843
0.289347
0.0371004
0.599557
0.504607
0.623866
0.461121
0.271939
0.206783
0.155489
0.741813
0.715051
0.715669
0.762274
0.509508
0.676032
0.573036
0.0843658
0.6681
0.708052
0.952613
0.135322
0.86965
0.641014
0.58782
0.757191
0.270247
0.146006
0.730757
0.41934
0.0671194
0.893507
0.642432
0.861036
0.316991
0.805339
0.11425
0.0777696
0.535694
0.90037
0.520745
0.151335
0.579023
0.233966
0.903567
0.423659
0.304853
0.431195
0.586713
0.514378
0.516488
0.313782
0.823013
0.682167
0.68728
0.120809
0.971866
0.0298159
0.966482
0.82317
0.70822
0.0530611
0.966361
0.0317729
0.762813
0.0331596
0.830555
0.999494
0.693649
0.77322
0.0836851
0.216882
0.188741
0.178278
0.762212
0.101606
0.400089
0.179129
0.326546
0.281665
0.808916
0.499901
0.854408
0.972339
0.122155
0.769386
0.0154377
0.946888
0.70018
0.476117
0.327053
0.601012
0.0157925
0.267196
0.19156
0.611048
