0.0108675
0.0623159
0.483867
0.00781323
0.090715
0.185653
0.982127
0.128192
0.246615
0.613473
0.498208
0.784468
0.635444
0.167865
0.667123
0.317971
0.211291
0.631641
0.297314
0.137932
0.936881
0.26152
0.0781758
0.191699
0.518437
0.0591258
0.62351
0.130263
0.788985
0.174794
0.97592
0.544099
0.865089
0.819192
0.697147
0.644319
0.202027
0.0577564
0.669332
0.764134
0.672406
0.862935
0.732231
0.0556344
0.79321
0.799248
0.281351
0.756878
0.226291
0.716157
0.952042
0.404294
0.677294
0.823752
0.514508
0.365395
0.318019
0.526243
0.104766
0.066808
0.857224
0.388273
0.916546
0.292611
0.384861
0.609035
0.479114
0.927988
0.114754
0.379209
0.64605
0.523192
0.15071
0.495706
0.41995
0.0528217
0.401072
0.609227
0.738071
0.245415
0.766704
0.479637
0.343915
0.858346
0.727422
0.614141
0.869747
0.273047
0.451852
0.66329
0.255052
0.785526
0.555735
0.949782
0.625932
0.967217
0.63366
0.505086
0.760433
0.471125
0.689247
0.988877
0.26482
0.658295
0.588755
0.866277
0.585781
0.419585
0.663132
0.217921
0.983571
0.56776
0.583508
0.557821
0.591096
0.174894
0.635118
0.0340547
0.683932
0.230083
0.514664
0.387259
0.286281
0.992472
0.776119
0.0419388
0.237867
0.414597
0.0499626
0.705589
0.846767
0.0110355
0.160858
0.850628
0.253181
0.547373
0.268765
0.454141
0.629137
0.924478
0.158491
0.370445
0.339139
0.633094
0.802678
0.711452
0.186749
0.153743
0.323231
0.60986
0.872102
0.676935
0.47618
0.740142
0.785368
0.518701
0.784978
0.97236
0.261142
0.60643
0.447245
0.533785
0.418781
0.410023
0.139938
0.0533283
0.713671
0.693355
0.847968
0.86379
0.324432
0.461055
0.84125
0.936917
0.501067
0.475596
0.925191
0.826273
0.99904
0.719696
0.0896151
0.992923
0.724297
0.179031
0.681127
0.88893
0.714225
0.320267
0.223914
0.173663
0.579544
0.639397
0.0139835
0.437916
0.532139
0.655393
0.611838
0.810846
0.12383
0.724172
0.358591
0.824717
0.821081
0.0478728
0.0405127
0.912455
0.540641
0.254447
0.827025
0.913025
0.271131
0.922558
0.60712
0.959612
0.905555
0.426801
0.849232
0.125617
0.409769
0.478224
0.109528
0.203464
0.451863
0.735176
0.313655
0.991225
0.617504
0.859449
0.936911
0.462049
0.336197
0.392752
0.207859
0.191412
0.643497
0.828485
0.460379
0.417175
0.904153
0.253825
0.759154
0.107451
0.621186
0.937135
0.923599
0.411295
0.455916
0.235674
0.0752206
0.867194
0.583912
0.198629
0.833422
0.744382
0.511889
0.240447
0.284737
0.891953
0.480541
0.259497
0.850508
0.470803
0.578311
0.577027
0.178
0.943369
0.691095
0.0714452
0.17995
0.696194
0.412889
0.88291
0.347556
0.670292
0.0423709
0.0632301
0.461902
0.374337
0.790418
0.546082
0.82882
0.655654
0.323568
0.812534
0.162197
0.604033
0.768409
0.626891
0.240704
0.963343
0.301914
0.217841
0.46298
0.425975
0.452711
0.279925
0.42624
0.18508
0.238289
0.170309
0.653329
0.11963
0.263141
0.675882
0.593208
0.987292
0.902848
0.725649
0.0198807
0.000106913
0.699101
0.423452
0.954757
0.157989
0.0906524
0.775996
0.237455
0.715034
0.605214
0.491187
0.870034
0.153638
0.637287
0.221786
0.259679
0.041434
0.936937
0.629375
0.484806
0.146037
0.934492
0.643632
0.709617
0.182601
0.0261954
0.291921
0.872086
0.569192
0.945783
0.474196
0.770388
0.564971
0.347004
0.0582157
0.672758
0.166191
0.722078
0.670068
0.575797
0.135002
0.781091
0.555014
0.236204
0.536079
0.417324
0.883637
0.100957
0.156046
0.383526
0.878309
0.260924
0.180732
0.804119
0.134968
0.552914
0.505222
0.648343
0.515207
0.935166
0.0517341
0.289338
0.983677
0.261274
0.470297
0.274165
0.765802
0.57755
0.597252
0.42976
0.200806
0.068825
0.046556
0.429831
0.665052
0.777689
0.308908
0.947689
0.940698
0.222165
0.733678
0.520019
0.404655
0.0368204
0.768657
0.246584
0.412871
0.762323
0.832612
0.450872
0.254918
0.908426
0.195661
0.426679
0.0538944
0.415391
0.242452
0.395624
0.98664
0.638858
0.493164
0.800612
0.199263
0.983141
0.757312
0.0602222
0.792982
0.307967
0.795368
0.909047
0.255274
0.233654
0.863198
0.448954
0.711343
0.469722
0.514304
0.0363008
0.370896
0.291946
0.0348876
0.130073
0.545235
0.292841
0.886715
0.225969
0.609654
0.530591
0.532803
0.00142012
0.28616
0.20141
0.0209201
0.796547
0.621496
0.960346
0.699886
0.556054
0.0354818
0.0155136
0.4437
0.35706
0.814669
0.120777
0.758472
0.647871
0.426302
0.591856
0.147167
0.322684
0.0275992
0.470884
0.107166
0.757233
0.545338
0.964388
0.135637
0.930372
0.700762
0.279724
0.117718
0.756592
0.354792
0.984932
0.472512
0.754481
0.548557
0.0170411
0.431897
0.176115
0.614232
0.463806
0.827148
0.722394
0.731189
0.243884
0.758368
0.969308
0.302464
0.810448
0.521736
0.630146
0.526534
0.00323743
0.169564
0.778642
0.539406
0.174045
0.0781707
0.158052
0.50202
0.710644
0.898563
0.701179
0.00796516
0.0841512
0.264931
0.386326
0.186503
0.544829
0.635962
0.554194
0.875912
0.59132
0.643953
0.810711
0.242138
0.338328
0.326753
0.640804
0.217756
0.907726
0.617504
0.858103
0.136254
0.968109
0.467199
0.015589
0.936618
0.547786
0.975058
0.902174
0.313235
0.2462
0.901705
0.25022
0.186109
0.968793
0.940171
0.778998
0.866388
0.31031
0.119697
0.699081
0.292202
0.711533
0.717358
0.802678
0.70982
0.51446
0.052495
0.264899
0.175109
0.0409144
0.538963
0.280968
0.250317
0.819601
0.370189
0.664363
0.271156
0.08659
0.21204
0.530901
0.559212
0.684245
0.278513
0.193754
0.954654
0.483585
0.165223
0.39441
0.044266
0.455087
0.81572
0.994565
0.459782
0.512922
0.995604
0.253956
0.621541
0.257631
0.64946
0.819132
0.302453
0.742241
0.515606
0.548155
0.387274
0.386814
0.37365
0.296254
0.202197
0.166432
0.29986
0.787397
0.789753
0.19763
0.305352
0.69682
0.504029
0.848254
0.73208
0.0694756
0.301192
0.495761
0.781649
0.199434
0.10033
0.0589619
0.551934
0.0952118
0.589605
0.428193
0.956516
0.656041
0.852717
0.918933
0.901924
0.684079
0.190683
0.873849
0.0976996
0.857549
0.513922
0.538289
0.874261
0.789827
0.679666
0.334208
0.383591
0.299457
0.149665
0.657525
0.557733
0.01611
0.343221
0.323933
0.200099
0.447478
0.0605273
0.78813
0.58459
0.632108
0.351317
0.261498
0.937529
0.503166
0.203831
0.853216
0.177411
0.0881525
0.429096
0.859808
0.287455
0.669539
0.115511
0.328138
0.695983
0.0313548
0.0287531
0.0168282
0.0395958
0.916705
0.33199
0.881126
0.684175
0.821227
0.00140789
0.206206
0.378689
0.247486
0.312053
0.513904
0.416814
0.545308
0.768981
0.367897
0.681368
0.463046
0.858725
0.202316
0.946557
0.534791
0.99607
0.298794
0.813034
0.428512
0.0411434
0.0369553
0.650769
0.380144
0.76182
0.543344
0.924734
0.838602
0.616434
0.863783
0.278398
0.44674
0.231807
0.78418
0.750036
0.483247
0.951587
0.424759
0.496848
0.890477
0.829903
0.732742
0.401898
0.01322
0.445328
0.998461
0.938855
0.173407
0.910158
0.519907
0.669553
0.205758
0.449999
0.540717
0.749362
0.079359
0.928672
0.586606
0.815374
0.730187
0.693428
0.325223
0.632395
0.229563
0.115472
0.0744566
0.871756
0.41355
0.200808
0.0841716
0.397935
0.098279
0.646386
0.716384
0.437988
0.00622673
0.71657
0.648877
0.00879774
0.528416
0.314915
0.227248
0.977129
0.447565
0.626256
0.0904003
0.127504
0.747164
0.704113
0.194466
0.612881
0.6315
0.3784
0.360172
0.163157
0.881612
0.85846
0.468638
0.426468
0.672183
0.406397
0.430619
0.818317
0.974378
0.455735
0.0541755
0.253505
0.669605
0.55038
0.935791
0.135877
0.499232
0.478896
0.499921
0.98088
0.975222
0.979097
0.311981
0.0459362
0.376722
0.387948
0.789776
0.343624
0.957579
0.611781
0.438356
0.412676
0.489798
0.791823
0.733326
0.221787
0.267937
0.0400333
0.777578
0.581236
0.699437
0.620256
0.856467
0.437315
0.605895
0.949689
0.0164283
0.424585
0.360269
0.795656
0.792025
0.0509229
0.98502
0.0426986
0.206437
0.890402
0.336199
0.404981
0.170387
0.158969
0.498464
0.459001
0.404503
0.0479456
0.516038
0.371618
0.0101224
0.190333
0.5846
0.698396
0.813524
0.634933
0.829122
0.627253
0.60861
0.703287
0.792635
0.0424259
0.423016
0.104414
0.76094
0.783749
0.932663
0.682375
0.0482453
0.476243
0.149743
0.171642
0.368757
0.305017
0.509151
0.335284
0.419194
0.110488
0.478339
0.860957
0.797244
0.178898
0.815628
0.38972
0.380961
0.103166
0.601935
0.0526524
0.294095
0.0890306
0.170957
0.890286
0.582364
0.0815205
0.0627818
0.529856
0.725659
0.0867298
0.125936
0.495353
0.111189
0.0639078
0.892877
0.5254
0.592562
0.762862
0.353919
0.273935
0.259808
0.881672
0.254591
0.768702
0.545331
0.919719
0.041444
0.00256779
0.790809
0.101022
0.581287
0.032635
0.400022
0.742893
0.778859
0.962181
0.702622
0.444903
0.217951
0.180403
0.653842
0.473154
0.950946
0.234974
0.495139
0.714874
0.561816
0.712418
0.500777
0.578319
0.627543
0.50129
0.935344
0.212984
0.702984
0.813174
0.347213
0.425134
0.954173
0.336492
0.322934
0.663644
0.565056
0.898123
0.827566
0.451146
0.0426683
0.0078385
0.255947
0.635502
0.54575
0.660547
0.319902
0.836575
0.361794
0.771356
0.896385
0.463321
0.657535
0.618437
0.961565
0.676193
0.627874
0.668716
0.735842
0.669853
0.168246
0.161365
0.164804
0.6512
0.195416
0.824111
0.861124
0.887711
0.741719
0.0973593
0.63239
0.201093
0.947735
0.241126
0.719878
0.281248
0.0784065
0.699782
0.873252
0.195548
0.687582
0.0996156
0.386216
0.468429
0.0560107
0.254201
0.218092
0.10629
0.0277646
0.552581
0.326341
0.942708
0.370103
0.105266
0.335017
0.67897
0.781774
0.0230409
0.664168
0.994904
0.674752
0.203585
0.245161
0.10504
0.854412
0.000909459
0.946954
0.13507
0.223146
0.152598
