0.748456
0.0741651
0.708885
0.585821
0.134966
0.537405
0.00973805
0.22178
0.243038
0.462207
0.585901
0.355542
0.860144
0.960985
0.0246189
0.498845
0.771497
0.139381
0.892814
0.102452
0.579389
0.554267
0.111105
0.678223
0.0693986
0.312383
0.249709
0.68681
0.873481
0.0595904
0.496215
0.440977
0.179925
0.110759
0.0452292
0.274542
0.240192
0.970272
0.659901
0.226955
0.422626
0.493159
0.15532
0.493486
0.563038
0.936855
0.553791
0.891047
0.362168
0.153583
0.661981
0.589643
0.580024
0.17336
0.819945
0.359431
0.777086
0.427632
0.572019
0.583429
0.352399
0.863532
0.0096017
0.285824
0.62853
0.19876
0.535794
0.425926
0.733404
0.567094
0.80193
0.707732
0.0290179
0.804522
0.565971
0.155127
0.837023
0.625997
0.222779
0.702699
0.211186
0.942824
0.756268
0.0521904
0.50673
0.570666
0.863425
0.0445612
0.496538
0.578175
0.000210526
0.79769
0.784243
0.526253
0.099328
0.859691
0.264192
0.847933
0.709877
0.627861
0.378273
0.618888
0.308874
0.28325
0.919635
0.968561
0.534651
0.490855
0.13327
0.381927
0.0921301
0.115441
0.863473
0.141871
0.0799707
0.202986
0.498179
0.162201
0.489594
0.477753
0.460176
0.461277
0.626079
0.604983
0.995186
0.52627
0.200941
0.469217
0.00683285
0.818045
0.846774
0.718239
0.68847
0.666669
0.803778
0.822651
0.7019
0.807543
0.528157
0.901061
0.652952
0.80816
0.972391
0.560912
0.613949
0.635489
0.287386
0.00491987
0.443043
0.613981
0.696496
0.653148
0.650422
0.0242038
0.291422
0.5307
0.5614
0.592098
0.499987
0.671044
0.526375
0.11886
0.975782
0.784951
0.927669
0.501452
0.65969
0.445074
0.733234
0.393731
0.763287
0.0361365
0.34724
0.758211
0.42411
0.720754
0.507538
0.558443
0.782811
0.670883
0.979994
0.842021
0.23218
0.814886
0.799699
0.464221
0.588037
0.350231
0.809056
0.702253
0.932014
0.271811
0.242741
0.0101447
0.876198
0.165888
0.10954
0.164253
0.999657
0.519662
0.121058
0.0493936
0.206836
0.796471
0.917306
0.335598
0.757832
0.526608
0.339161
0.295499
0.720543
0.663765
0.497704
0.0123376
0.594691
0.457108
0.390428
0.228595
0.85772
0.0889671
0.814326
0.0852497
0.182568
0.328161
0.325852
0.00166431
0.0773196
0.448939
0.997756
0.946089
0.696725
0.665554
0.722796
0.346795
0.575601
0.332456
0.814323
0.893835
0.0341043
0.160113
0.65374
0.481423
0.00487796
0.696458
0.134844
0.540946
0.0320775
0.323955
0.65503
0.0145897
0.192268
0.0222982
0.403381
0.219605
0.687196
0.146732
0.695629
0.853185
0.858443
0.471995
0.105989
0.387973
0.373942
0.75189
0.145869
0.1082
0.336381
0.044481
0.239461
0.0364373
0.0634745
0.0529112
0.746197
0.000980944
0.290113
0.731851
0.780087
0.0938608
0.542386
0.409566
0.575928
0.769472
0.433477
0.675615
0.152395
0.833834
0.631445
0.284167
0.0219957
0.574471
0.248864
0.322948
0.697909
0.280923
0.404353
0.897813
0.747698
0.405876
0.70597
0.582938
0.143893
0.616921
0.406489
0.886642
0.661453
0.988938
0.980546
0.982836
0.0721034
0.587099
0.873662
0.958084
0.885544
0.690508
0.173146
0.824309
0.387539
0.906452
0.950862
0.547105
0.724873
0.425289
0.0278817
0.339688
0.78719
0.665953
0.911007
0.472461
0.635706
0.562087
0.651167
0.848216
0.228791
0.738802
0.373695
0.592948
0.194431
0.830059
0.230472
0.912303
0.399566
0.186675
0.523955
0.463649
0.0662998
0.224962
0.753071
0.49377
0.184984
0.665975
0.330994
0.992187
0.974182
0.915405
0.724792
0.110104
0.137503
0.83408
0.766949
0.0949765
0.667315
0.1491
0.888768
0.990707
0.945327
0.755596
0.025639
0.353467
0.890053
0.159111
0.944189
0.233142
0.901148
0.308606
0.741309
0.6704
0.350617
0.0700997
0.265048
0.959389
0.370903
0.590918
0.207387
0.926055
0.689846
0.804584
0.618891
0.472089
0.26252
0.326319
0.595228
0.634499
0.449946
0.98918
0.885571
0.410801
0.494671
0.270819
0.172868
0.599842
0.0432393
0.860858
0.775995
0.908245
0.465519
0.618907
0.523773
0.572479
0.720917
0.173188
0.550874
0.746556
0.521467
0.409798
0.765589
0.905347
0.541786
0.102591
0.739476
0.513533
0.425913
0.933685
0.768889
0.21017
0.341021
0.154593
0.858371
0.758889
0.827998
0.137985
0.375929
0.0137124
0.698913
0.0700671
0.130184
0.150502
0.731351
0.0335925
0.619393
0.414027
0.909622
0.731491
0.202347
0.630662
0.962848
0.10113
0.941146
0.736706
0.949924
0.0691934
0.865844
0.572326
0.641354
0.697194
0.41098
0.19113
0.447962
0.967604
0.773966
0.935361
0.646477
0.46061
0.945369
0.526719
0.651996
0.171503
0.161056
0.422803
0.0873178
0.718679
0.526216
0.689184
0.399155
0.192276
0.561263
0.637098
0.771219
0.893429
0.419605
0.476771
0.0841822
0.214155
0.527293
0.236358
0.672514
0.907862
0.394547
0.196519
0.628191
0.000478328
0.349152
0.0906087
0.401282
0.592211
0.941734
0.320503
0.44741
0.799932
0.772905
0.43804
0.67209
0.0901828
0.492289
0.14209
0.421936
0.252807
0.71942
0.0412544
0.77275
0.265211
0.636513
0.432183
0.864482
0.297243
0.00311789
0.343521
0.0330659
0.106705
0.342637
0.0954773
0.48913
0.0754825
0.0507274
0.625022
0.293583
0.136303
0.175572
0.826704
0.380077
0.84012
0.62003
0.159102
0.374339
0.814119
0.515659
0.766886
0.960388
0.860351
0.518613
0.368522
0.543614
0.944991
0.777417
0.159584
0.960746
0.328222
0.322617
0.981705
0.986681
0.0847378
0.628298
0.00714671
0.3882
0.264882
0.095488
0.188991
0.274553
0.946401
0.20743
0.726964
0.494918
0.426831
0.106727
0.798881
0.832738
0.806502
0.344372
0.807714
0.746933
0.212172
0.55064
0.394291
0.409984
0.911286
0.777865
0.465613
0.792895
0.566857
0.265086
0.488801
0.547031
0.882976
0.374575
0.300667
0.432825
0.890942
0.450231
0.682907
0.0453642
0.126022
0.347853
0.952922
0.586856
0.944833
0.387293
0.820266
0.435958
0.233349
0.476476
0.758713
0.263992
0.755537
0.157298
0.143952
0.448029
0.392611
0.323401
0.406911
0.530852
0.522916
0.359823
0.4527
0.477789
0.792436
0.454517
0.59518
0.480424
0.525929
0.831753
0.257161
0.0571878
0.02868
0.65739
0.68622
0.200812
0.0288892
0.366025
0.93615
0.322671
0.510675
0.160017
0.364024
0.743987
0.187712
0.430383
0.892896
0.483924
0.867481
0.849575
0.290119
0.0945385
0.956162
0.886124
0.711291
0.292625
0.354133
0.49117
0.759825
0.138421
0.992107
0.706851
0.312143
0.511196
0.257891
0.946587
0.358498
0.631709
0.563767
0.69722
0.109422
0.381548
0.304496
0.393043
0.617787
0.169341
0.455961
0.211693
0.166513
0.0938382
0.0644127
0.541932
0.671877
0.153876
0.876362
0.873287
0.352466
0.255212
0.359082
0.85758
0.913742
0.764238
0.361743
0.292322
0.498243
0.35856
0.667172
0.775991
0.651397
0.924468
0.684231
0.785175
0.552972
0.251263
0.530828
0.923599
0.764145
0.272475
0.75755
0.0930246
0.740194
0.603945
0.961921
0.336019
0.358826
0.128787
0.543281
0.100607
0.714115
0.379222
0.848299
0.676794
0.426074
0.465295
0.957103
0.554963
0.715853
0.300453
0.360037
0.456148
0.496557
0.874011
0.775047
0.784185
0.729693
0.320486
0.355685
0.249734
0.297236
0.535811
0.539746
0.416174
0.639331
0.0904162
0.788522
0.917384
0.407608
0.189192
0.466685
0.097383
0.384129
0.428327
0.1128
0.82186
0.91596
0.0990151
0.350451
0.21157
0.115363
0.788045
0.690002
0.0476064
0.0756195
0.0252593
0.470981
0.59855
0.352473
0.72789
0.195084
0.619493
0.961202
0.191771
0.499813
0.272939
0.139312
0.379423
0.0227303
0.721572
0.124861
0.255015
0.40634
0.14291
0.200398
0.916198
0.693601
0.915825
0.252541
0.27282
0.364054
0.728942
0.0971639
0.0225097
0.260583
0.360912
0.820224
0.673136
0.656798
0.882564
0.384204
0.362146
0.71504
0.0309243
0.750183
0.222777
0.585018
0.505116
0.76553
0.0471382
0.393063
0.934132
0.0672271
0.996176
0.372012
0.266486
0.250814
0.106507
0.381717
0.331735
0.554957
0.344132
0.0701769
0.323873
0.311646
0.955018
0.925296
0.956612
0.412012
0.862562
0.467264
0.0405261
0.0377769
0.861927
0.831569
0.232074
0.90832
0.36125
0.992626
0.704501
0.293374
0.419733
0.878034
0.490609
0.0413469
0.832598
0.623465
0.247408
0.873267
0.0129269
0.218163
0.192636
0.19235
0.420372
0.791086
0.963162
0.6592
0.286742
0.787655
0.145254
0.782624
0.38846
0.287145
0.226732
0.776082
0.615904
0.710687
0.720989
0.929753
0.0896134
0.169902
0.212892
0.748235
0.573379
0.706161
0.0765514
0.103861
0.934202
0.670465
0.614972
0.655646
0.399129
0.493956
0.371577
0.783859
0.358963
0.0990458
0.363605
0.290216
0.468854
0.201178
0.987383
0.1137
0.795751
0.751207
0.345478
0.312009
0.762748
0.768409
0.745717
0.558624
0.640288
0.814113
0.122086
0.405504
0.334249
0.355958
0.127505
0.56141
0.220911
0.272779
0.648476
0.435844
0.778784
0.750111
0.491603
0.198626
0.767327
0.816323
0.991999
0.605086
0.702525
0.769378
0.293548
0.836882
0.379358
0.744214
0.0510629
0.60845
0.191133
0.67075
0.304304
0.789072
0.995695
0.872523
0.27388
0.790572
0.278514
0.555941
0.829017
0.970634
0.362646
0.440171
0.377215
0.30175
0.415566
0.777643
0.925763
0.555791
0.00288401
0.0151828
0.0651407
0.254199
0.938927
0.345773
0.624294
0.633809
0.184202
0.400933
0.747782
0.878294
0.53973
0.333727
0.144797
0.865239
0.888258
0.542399
0.260069
0.678828
0.732347
0.284626
0.116635
0.138174
0.779329
0.432408
0.580488
0.591256
0.323145
0.617568
0.797101
0.224495
0.173058
0.0178909
0.549827
0.137947
0.879233
0.0338774
0.29017
0.436122
0.00520463
0.106129
0.589933
0.584434
0.19721
0.923355
0.765243
0.281265
0.800398
0.271005
0.422452
0.0956647
0.771919
0.770529
0.675905
0.120671
0.640882
0.759255
0.787591
0.892251
0.265194
0.560902
0.978666
0.823878
0.135269
0.396713
