0.546717
0.932819
0.685199
0.453374
0.566726
0.752204
0.654617
0.525691
0.452346
0.796969
0.329709
0.952303
0.0925422
0.125445
0.271041
0.286431
0.922996
0.41475
0.0055123
0.972722
0.564175
0.0432223
0.621576
0.457141
0.217401
0.508969
0.059792
0.945296
0.193661
0.309147
0.47362
0.934087
0.950213
0.405421
0.0355904
0.642009
0.0100115
0.400149
0.56377
0.462634
0.138956
0.548617
0.343568
0.566783
0.155949
0.732155
0.519785
0.777923
0.750817
0.517276
0.433996
0.846118
0.684886
0.425654
0.282358
0.245417
0.749595
0.540062
0.468526
0.619647
0.857725
0.57136
0.0270687
0.0016383
0.642547
0.511178
0.492125
0.930881
0.939755
0.995823
0.586274
0.594673
0.527234
0.505918
0.104934
0.11768
0.497557
0.527049
0.370881
0.1249
0.638456
0.7964
0.634162
0.703052
0.195871
0.760185
0.792308
0.885519
0.395083
0.367159
0.805907
0.785616
0.0944154
0.323016
0.184359
0.503289
0.946928
0.930723
0.917102
0.930344
0.444829
0.641724
0.225051
0.579032
0.221676
0.44328
0.507362
0.559112
0.987496
0.206444
0.858526
0.828346
0.471653
0.120298
0.530798
0.841386
0.748495
0.336862
0.716892
0.722183
0.320846
0.952146
0.0280092
0.0847846
0.336369
0.447949
0.0421544
0.627521
0.311629
0.719742
0.297859
0.625754
0.739087
0.815436
0.108046
0.44793
0.95176
0.510118
0.569399
0.220166
0.620876
0.841597
0.141894
0.764228
0.261165
0.732102
0.17373
0.933964
0.119118
0.820741
0.746519
0.475131
0.818877
0.631949
0.215867
0.533744
0.141191
0.204906
0.822138
0.937815
0.309889
0.30888
0.746663
0.377458
0.161399
0.369481
0.988179
0.608603
0.571996
0.230849
0.434598
0.804943
0.517811
0.878819
0.505164
0.183541
0.142731
0.249999
0.737741
0.028642
0.209103
0.25183
0.696635
0.239076
0.306184
0.118463
0.575553
0.524117
0.191514
0.227698
0.870985
0.372634
0.639931
0.503831
0.500833
0.920821
0.175648
0.53139
0.743363
0.843264
0.0618749
0.504881
0.371534
0.392568
0.92341
0.13938
0.357508
0.712259
0.377073
0.667162
0.522641
0.548257
0.0448248
0.0451941
0.507649
0.483765
0.324744
0.498622
0.438113
0.822505
0.294941
0.525113
0.660395
0.245482
0.125025
0.485234
0.92268
0.366169
0.370688
0.903728
0.376562
0.309156
0.525874
0.606643
0.773743
0.437104
0.207813
0.819584
0.233119
0.351341
0.34996
0.351741
0.95326
0.290692
0.777643
0.990869
0.245005
0.0539227
0.541564
0.234335
0.25962
0.570492
0.384089
0.480943
0.78701
0.244799
0.713391
0.808778
0.499507
0.198892
0.4604
0.464002
0.015687
0.538504
0.193498
0.185536
0.159783
0.767689
0.866115
0.490724
0.791182
0.47677
0.572113
0.046887
0.579371
0.428778
0.683948
0.25388
0.0991255
0.169257
0.748617
0.162512
0.621087
0.284691
0.516573
0.853952
0.97254
0.434085
0.478282
0.405096
0.843608
0.279296
0.283619
0.564756
0.913669
0.438514
0.419222
0.265983
0.173219
0.58841
0.518454
0.09907
0.815858
0.839532
0.679298
0.870791
0.0757882
0.51036
0.165079
0.37429
0.385452
0.424519
0.862909
0.495072
0.228613
0.856695
0.875025
0.777958
0.0636588
0.251822
0.617932
0.57987
0.692298
0.842764
0.804255
0.933555
0.448432
0.291437
0.682565
0.24738
0.582591
0.478351
0.909935
0.96594
0.216329
0.565604
0.432234
0.316614
0.242315
0.458294
0.747411
0.267102
0.544405
0.789411
0.926427
0.81892
0.913228
0.553111
0.767057
0.761751
0.0320437
0.511471
0.455589
0.0137595
0.90787
0.499642
0.111142
0.672905
0.122922
0.754502
0.587999
0.904158
0.281463
0.391642
0.910666
0.787596
0.0268011
0.155947
0.71667
0.252495
0.0037619
0.570451
0.0823127
0.222389
0.14141
0.608678
0.106159
0.095998
0.630997
0.0155428
0.625283
0.689096
0.97438
0.401509
0.439489
0.762426
0.477637
0.235277
0.418157
0.26038
0.565059
0.859908
0.865026
0.38574
0.288372
0.657375
0.515781
0.635335
0.406408
0.486553
0.543354
0.92162
0.409931
0.519652
0.946155
0.905179
0.866899
0.602047
0.694106
0.663176
0.462962
0.260606
0.00731525
0.818808
0.11233
0.485423
0.142877
0.256552
0.513905
0.410027
0.0641626
0.548497
0.527773
0.0148957
0.368133
0.21652
0.746911
0.979643
0.845384
0.955446
0.639369
0.80839
0.0480175
0.942151
0.635631
0.353774
0.240307
0.355493
0.536312
0.864227
0.107252
0.232406
0.615187
0.679868
0.595779
0.784647
0.792591
0.701682
0.264016
0.301779
0.253985
0.759229
0.51305
0.764792
0.888983
0.00170311
0.076818
0.295914
0.925601
0.437565
0.144609
0.569236
0.134847
0.747444
0.491422
0.307241
0.980662
0.49565
0.991136
0.9884
0.0900642
0.864953
0.887583
0.890582
0.418729
0.0399544
0.198301
0.595437
0.486838
0.363769
0.626104
0.0787676
0.0601666
0.393236
0.353664
0.511808
0.651631
0.977534
0.0955661
0.898342
0.218
0.485211
0.783559
0.672955
0.427028
0.304678
0.259281
0.385059
0.869831
0.743136
0.349994
0.593914
0.593593
0.448961
0.702113
0.0996198
0.32965
0.482457
0.747474
0.634932
0.791738
0.160147
0.177434
0.143216
0.419759
0.797429
0.299864
0.767092
0.943649
0.474638
0.653875
0.673229
0.142676
0.951726
0.257364
0.837937
0.17509
0.856087
0.862355
0.918784
0.852936
0.269104
0.593262
0.337099
0.237327
0.835965
0.342824
0.696439
0.928971
0.52398
0.300922
0.661951
0.428994
0.154308
0.991202
0.425748
0.945079
0.832121
0.190537
0.883179
0.0179633
0.400242
0.106242
0.644959
0.343184
0.0411749
0.186124
0.0104243
0.1632
0.152613
0.936387
0.0265643
0.604781
0.621374
0.122306
0.757978
0.336701
0.620709
0.726712
0.892948
0.922785
0.0561406
0.041268
0.810256
0.245269
0.784726
0.265681
0.232056
0.373419
0.732688
0.989541
0.587594
0.252504
0.036543
0.932133
0.212982
0.588072
0.33268
0.31497
0.511746
0.300564
0.320276
0.242119
0.201556
0.925178
0.722813
0.463506
0.77158
0.332128
0.772887
0.895758
0.276062
0.142128
0.345522
0.276133
0.588663
0.212251
0.86487
0.324099
0.242789
0.56708
0.109469
0.785747
0.982899
0.150193
0.0407953
0.736074
0.151676
0.770882
0.780332
0.514014
0.0381861
0.621334
0.860029
0.665292
0.31195
0.738946
0.871281
0.268192
0.667967
0.789072
0.637267
0.0169571
0.8077
0.543057
0.0337211
0.438137
0.880942
0.426616
0.583225
0.614711
0.513617
0.513383
0.947833
0.793026
0.546629
0.33896
0.44522
0.247543
0.610486
0.910189
0.713232
0.77837
0.661004
0.284714
0.647853
0.216647
0.600879
0.0958481
0.739623
0.31276
0.112162
0.39791
0.933538
0.382302
0.824784
0.20664
0.137345
0.0848702
0.945887
0.110034
0.503253
0.710741
0.4752
0.324609
0.608099
0.350232
0.131309
0.571757
0.657034
0.321018
0.113814
0.149547
0.835495
0.228149
0.826527
0.574852
0.934711
0.0319218
0.68653
0.170731
0.375678
0.498584
0.144222
0.974122
0.756462
0.408787
0.039214
0.3389
0.0480152
0.898982
0.417295
0.609211
0.563449
0.310443
0.933218
0.238095
0.82566
0.921248
0.964483
0.726495
0.458483
0.936024
0.561069
0.757501
0.226201
0.108491
0.356006
0.900967
0.346595
0.371856
0.56206
0.263388
0.202317
0.851996
0.179164
0.458115
0.575722
0.638419
0.537906
0.270933
0.532303
0.688073
0.303936
0.395798
0.077271
0.237057
0.0683079
0.616105
0.71083
0.0949274
0.6487
0.806094
0.00676486
0.19702
0.226662
0.127601
0.339476
0.789492
0.445764
0.797206
0.884494
0.622217
0.595634
0.798602
0.017374
0.524399
0.00702416
0.915318
0.236091
0.738158
0.782768
0.458746
0.731824
0.384778
0.989619
0.0664857
0.733221
0.438833
0.436145
0.945988
0.748995
0.585136
0.161485
0.938509
0.834134
0.333512
0.760027
0.778422
0.00440972
0.766276
0.667077
0.922768
0.924345
0.293711
0.530421
0.32621
0.993712
0.792154
0.792875
0.536168
0.95726
0.500024
0.610728
0.483432
0.16319
0.0466805
0.233124
0.342969
0.594753
0.988992
0.967407
0.840007
0.800464
0.230754
0.855396
0.376641
0.847797
0.69999
0.185571
0.353496
0.425089
0.658964
0.966214
0.0618296
0.217164
0.0221039
0.484562
0.520993
0.679175
0.0566009
0.0767158
0.636093
0.333982
0.840992
0.233687
0.0510441
0.71798
0.856426
0.168237
0.0719035
0.100347
0.0858001
0.967747
0.0355079
0.100634
0.995648
0.457951
0.498446
0.329988
0.775958
0.902689
0.621381
0.180647
0.212681
0.664495
0.123559
0.888913
0.56813
0.951252
0.182756
0.99662
0.844143
0.773614
0.655511
0.335956
0.803064
0.238583
0.99261
0.662815
0.12163
0.303764
0.224969
0.063482
0.0524758
0.117823
0.394752
0.259836
0.968665
0.0717034
0.806852
0.937939
0.165888
0.685814
0.475654
0.225163
0.29753
0.458211
0.142145
0.44057
0.817539
0.798644
0.236324
0.243903
0.806121
0.173609
0.159865
0.307945
0.553245
0.587294
0.264211
0.639284
0.274904
0.523469
0.898865
0.672633
0.337283
0.473313
0.905085
0.263402
0.363698
0.174181
0.929767
0.703877
0.599282
0.684351
0.934838
0.887748
0.908618
0.418615
0.276769
0.748108
0.781062
0.269893
0.731485
0.0938582
0.71892
0.941715
0.839587
0.969629
0.383487
0.616754
0.94689
0.664003
0.87386
0.0861536
0.315269
0.491287
0.513454
0.464868
0.678781
0.471719
0.519595
0.61793
0.620134
0.0350127
0.930641
0.422727
0.142526
0.872494
0.166093
0.992025
0.811603
0.0624987
0.594432
0.983162
0.843046
0.594366
0.483893
0.117998
0.510084
0.415779
0.710824
0.0388829
0.246695
0.128554
0.601109
0.625606
0.820849
0.457915
0.279234
0.898145
0.953151
0.620111
0.900246
0.63049
0.755888
0.7136
0.13945
0.800342
0.367222
0.258504
0.315044
0.999733
0.155841
0.00972503
0.518425
0.931633
0.870807
0.168256
0.127409
0.117467
0.11182
0.116099
0.0772242
0.940591
0.494698
0.799562
0.264293
0.150622
0.887279
0.885999
0.457871
0.953835
0.0905157
0.818962
0.0944964
0.8144
0.339955
0.896828
0.330193
0.0916158
