0.316268
0.0581799
0.406215
0.138409
0.973358
0.717721
0.0842634
0.993179
0.318113
0.127711
0.10231
0.949926
0.495887
0.516561
0.776118
0.948145
0.840064
0.166216
0.839077
0.630329
0.620262
0.89074
0.455848
0.742355
0.19652
0.983552
0.392304
0.252654
0.0798514
0.133486
0.841674
0.690081
0.399122
0.809528
0.406975
0.200539
0.274004
0.614289
0.739698
0.822402
0.594303
0.106348
0.334687
0.480613
0.705554
0.59123
0.981379
0.199662
0.500752
0.38116
0.371163
0.0350908
0.418426
0.0236131
0.361099
0.224032
0.846919
0.998546
0.393813
0.0542104
0.435002
0.384413
0.573636
0.951962
0.808547
0.992952
0.899116
0.288771
0.193693
0.472739
0.151621
0.406718
0.446089
0.881333
0.940263
0.362596
0.986427
0.2264
0.403107
0.890837
0.142308
0.47547
0.0645549
0.0851038
0.396179
0.534398
0.349039
0.298686
0.0397294
0.694648
0.250935
0.763694
0.734384
0.0493465
0.66073
0.428889
0.478123
0.378018
0.847467
0.516366
0.478519
9.89637e-05
0.597395
0.296906
0.432039
0.0971875
0.508893
0.584145
0.709604
0.00413149
0.943642
0.447473
0.94832
0.96867
0.134072
0.643617
0.549622
0.880105
0.946987
0.267115
0.583509
0.466413
0.803518
0.119379
0.599099
0.460363
0.255287
0.296668
0.841462
0.234253
0.716853
0.496621
0.374591
0.403412
0.854347
0.543764
0.610782
0.898484
0.1304
0.633553
0.746148
0.0064374
0.00532209
0.795329
0.60237
0.880302
0.294561
0.073929
0.374836
0.0177823
0.182293
0.930087
0.78686
0.208354
0.391402
0.359572
0.150248
0.449463
0.00968195
0.231062
0.832136
0.331169
0.472145
0.342824
0.627995
0.389697
0.199832
0.698063
0.540911
0.929722
0.394646
0.499083
0.46718
0.815352
0.490498
0.360201
0.288087
0.729897
0.760866
0.239313
0.867946
0.404433
0.582302
0.58839
0.458381
0.315019
0.854459
0.222524
0.00892785
0.348699
0.0762243
0.40785
0.883778
0.938315
0.578174
0.668233
0.484813
0.166005
0.4112
0.810577
0.280982
0.335435
0.39146
0.669033
0.743772
0.512899
0.801514
0.0678564
0.68903
0.536974
0.247826
0.503077
0.525009
0.997129
0.174354
0.0428172
0.906667
0.680926
0.532491
0.94652
0.296229
0.990079
0.107281
0.50282
0.929938
0.825211
0.999786
0.58614
0.691158
0.439332
0.765782
0.432085
0.389627
0.760176
0.710683
0.131674
0.947052
0.68112
0.840714
0.344099
0.988818
0.821071
0.970293
0.728453
0.342142
0.25288
0.485802
0.594133
0.940324
0.700616
0.265376
0.269865
0.633241
0.705663
0.2552
0.69176
0.404242
0.261399
0.201823
0.70983
0.493119
0.416738
0.0409375
0.613386
0.925427
0.34844
0.442182
0.375283
0.948066
0.40206
0.010418
0.114689
0.871036
0.601732
0.643113
0.278773
0.815442
0.128703
0.54398
0.0431072
0.867923
0.268618
0.39294
0.430834
0.141063
0.327453
0.172308
0.650448
0.240264
0.0163917
0.149137
0.152571
0.636769
0.805257
0.513989
0.905265
0.446974
0.744804
0.175775
0.388153
0.117954
0.257724
0.213008
0.805405
0.519262
0.398455
0.48113
0.0172775
0.940987
0.0816488
0.876246
0.690559
0.498063
0.779446
0.755038
0.167679
0.440775
0.187499
0.010947
0.554666
0.871604
0.359738
0.306562
0.527669
0.368238
0.811894
0.962286
0.358467
0.0128735
0.0937539
0.00133637
0.658567
0.327783
0.330163
0.850799
0.342047
0.617104
0.230808
0.199168
0.307274
0.21488
0.0687562
0.509928
0.337233
0.139353
0.127652
0.691503
0.718716
0.653485
0.117827
0.423483
0.0801834
0.231861
0.0609732
0.638928
0.948388
0.433589
0.143705
0.663193
0.523816
0.181694
0.039844
0.508676
0.174798
0.948654
0.201391
0.826147
0.150387
0.348166
0.618296
0.0120923
0.0120269
0.633223
0.547022
0.972376
0.283942
0.600368
0.707761
0.0421834
0.822217
0.400298
0.450465
0.562232
0.40279
0.754611
0.389608
0.611108
0.0280079
0.0789134
0.00772131
0.394021
0.452065
0.0120473
0.727616
0.787661
0.42512
0.85166
0.953451
0.541392
0.156216
0.39603
0.580464
0.634736
0.494836
0.692082
0.473523
0.290925
0.331439
0.189696
0.414316
0.146935
0.716445
0.802281
0.0174612
0.0795548
0.198262
0.373477
0.115187
0.187938
0.879816
0.0503454
0.110944
0.432139
0.694
0.0625264
0.801567
0.428108
0.397844
0.40789
0.168364
0.898897
0.785282
0.944294
0.636841
0.281957
0.618974
0.38758
0.305249
0.992934
0.780512
0.715966
0.641818
0.845567
0.139712
0.48053
0.15082
0.127806
0.642383
0.522028
0.507242
0.834253
0.117087
0.593937
0.660441
0.554882
0.300426
0.39172
0.406264
0.519894
0.581205
0.488447
0.928183
0.300962
0.963416
0.676532
0.806962
0.66858
0.747716
0.215792
0.999255
0.105745
0.431954
0.487741
0.284833
0.477959
0.330271
0.556154
0.682582
0.359306
0.410954
0.133877
0.335311
0.514897
0.853113
0.455783
0.363223
0.0395828
0.822091
0.558228
0.186228
0.652857
0.963523
0.464429
0.814919
0.649976
0.116358
0.776363
0.610351
0.00945591
0.744343
0.172819
0.0125672
0.156694
0.58653
0.313627
0.73787
0.883942
0.0264118
0.650256
0.944791
0.926402
0.679716
0.642587
0.868902
0.694712
0.701162
0.882006
0.42632
0.663614
0.309778
0.620631
0.28597
0.916821
0.0330716
0.206914
0.910601
0.348245
0.1699
0.927372
0.0665346
0.0194313
0.972139
0.754757
0.302218
0.17313
0.04504
0.502211
0.895472
0.403359
0.466427
0.883904
0.769463
0.481439
0.124494
0.981794
0.87756
0.338551
0.774535
0.618693
0.556779
0.704299
0.314304
0.137538
0.35005
0.901647
0.778115
0.0869925
0.797265
0.29815
0.549837
0.313153
0.695059
0.91335
0.294392
0.957698
0.325241
0.682399
0.108257
0.862092
0.152156
0.876048
0.388581
0.878196
0.488636
0.176787
0.921039
0.585052
0.630818
0.911263
0.686491
0.911912
0.961607
0.938974
0.886413
0.167538
0.522971
0.697165
0.686952
0.975781
0.556964
0.902006
0.181937
0.617299
0.515443
0.406051
0.0743781
0.277734
0.0386619
0.711824
0.576956
0.701864
0.402457
0.641859
0.0311608
0.754237
0.934349
0.664752
0.745136
0.38599
0.898214
0.377678
0.550323
0.507789
0.347861
0.645
0.576899
0.26923
0.449303
0.89323
0.74787
0.244348
0.771693
0.0621696
0.491987
0.0234127
0.0472263
0.71237
0.175377
0.710963
0.899507
0.788774
0.751936
0.830118
0.0409153
0.540638
0.13247
0.133117
0.43863
0.0976957
0.772575
0.818171
0.94927
0.202636
0.979314
0.652384
0.922571
0.599704
0.436544
0.501195
0.27354
0.57968
0.449127
0.763816
0.523515
0.18098
0.405763
0.215078
0.309919
0.547186
0.960673
0.753469
0.864807
0.940583
0.433948
0.55544
0.962074
0.912212
0.930753
0.135936
0.83348
0.127963
0.679133
0.8152
0.553518
0.350992
0.0867332
0.0918308
0.392737
0.0804575
0.0161361
0.422043
0.640226
0.346362
0.779004
0.905247
0.394431
0.160785
0.349044
0.375874
0.823085
0.125294
0.293539
0.401358
0.391614
0.694595
0.923797
0.686444
0.560434
0.596451
0.164309
0.383773
0.450984
0.907893
0.640593
0.810677
0.980473
0.287594
0.485872
0.0721815
0.965429
0.864563
0.366433
0.0903448
0.693882
0.283121
0.225814
0.539772
0.466497
0.403932
0.247631
0.189424
0.606241
0.161582
0.537266
0.150705
0.436936
0.0781508
0.0222604
0.531694
0.730531
0.93319
0.0714221
0.997737
0.123133
0.0898227
0.332738
0.738201
0.999703
0.977272
0.290007
0.339562
0.347656
0.229399
0.0382453
0.064702
0.0790748
0.979781
0.777813
0.0384423
0.321737
0.812747
0.527279
0.839301
0.178912
0.870868
0.555134
0.997627
0.457815
0.618603
0.0301176
0.899827
0.86692
0.762258
0.390381
0.598899
0.181973
0.826115
0.931343
0.031334
0.880704
0.884867
0.112437
0.140049
0.746449
0.952309
0.0823396
0.403726
0.9403
0.526225
0.923277
0.272384
0.0421834
0.789598
0.113794
0.00911868
0.56064
0.968001
0.710428
0.438204
0.411283
0.3433
0.748154
0.099383
0.864114
0.423529
0.359431
0.308376
0.459519
0.769097
0.112202
0.623712
0.393034
0.975248
0.0664165
0.219744
0.868839
0.310615
0.0495026
0.665995
0.922087
0.512272
0.6505
0.612671
0.20987
0.236804
0.432926
0.882442
0.270939
0.667823
0.866419
0.468546
0.754375
0.779556
0.477141
0.939007
0.116659
0.756811
0.716901
0.747264
0.287823
0.0711257
0.0510806
0.948906
0.80621
0.713233
0.765235
0.824747
0.921881
0.0816677
0.990509
0.910112
0.169001
0.0277637
0.447765
0.930405
0.906802
0.556727
0.410489
0.142893
0.329361
0.68519
0.3864
0.584725
0.444099
0.954743
0.0178567
0.727263
0.519061
0.10197
0.701045
0.0366386
0.498926
0.384536
0.423764
0.940496
0.889755
0.0636827
0.322187
0.70112
0.612568
0.542815
0.456153
0.694662
0.325534
0.662542
0.30336
0.596684
0.715056
0.651709
0.47224
0.974045
0.255429
0.234921
0.133636
0.782843
0.937513
0.396198
0.671097
0.272757
0.465875
0.298835
0.0501356
0.797588
0.424825
0.861677
0.406041
0.0321092
0.913224
0.491423
0.350538
0.095003
0.14796
0.471414
0.497185
0.0782419
0.536256
0.506458
0.705543
0.482602
0.716612
0.924086
0.543985
0.0595124
0.0686851
0.0318944
0.471425
0.558997
0.19165
0.131253
0.237646
0.884059
0.851612
0.687265
0.00248136
0.151244
0.897568
0.154875
0.673675
0.157318
0.64613
0.961306
0.963575
0.752451
0.235076
0.144773
0.664425
0.619444
0.445669
0.149361
0.64261
0.95925
0.493554
0.27621
0.0514881
0.582859
0.288629
0.290923
0.263024
0.909264
0.663513
0.687269
0.0182616
0.3698
0.0708368
0.107098
0.296348
0.718655
0.24919
0.416487
0.402478
0.749724
0.358006
0.938197
0.774572
0.919578
0.0809531
0.340274
0.00862987
0.376857
0.198304
0.681095
0.602843
0.897714
0.127871
0.110409
0.920518
0.227708
0.934826
0.726861
0.871757
0.329764
0.310156
0.0915875
0.813751
0.0385427
0.0180372
0.898184
0.170004
0.620945
0.311718
0.298879
0.268204
0.742909
0.81839
0.386896
0.896838
0.34248
0.392632
0.335232
0.0805951
0.909081
0.438716
