0.00984887
0.371049
0.207363
0.87519
0.865303
0.157986
0.0408565
0.151715
0.961712
0.562117
0.65017
0.455283
0.0558948
0.421382
0.363785
0.777485
0.933626
0.950888
0.803561
0.426725
0.354483
0.948482
0.083432
0.526847
0.973205
0.742503
0.172251
0.320252
0.112644
0.506704
0.295604
0.900955
0.263286
0.567414
0.251721
0.00201627
0.184343
0.327812
0.51652
0.462996
0.481335
0.43448
0.0125461
0.00177248
0.535381
0.811053
0.417181
0.916298
0.658852
0.184109
0.884755
0.34094
0.352771
0.726276
0.0577587
0.682456
0.540679
0.441392
0.242225
0.860793
0.65407
0.917061
0.621959
0.979433
0.444426
0.0691899
0.387084
0.0505341
0.396776
0.503849
0.65139
0.39971
0.61985
0.121293
0.0340164
0.375461
0.0877328
0.587074
0.779941
0.988396
0.108179
0.295511
0.29472
0.105046
0.892411
0.450225
0.968167
0.821398
0.101531
0.886861
0.162209
0.641125
0.244425
0.26308
0.237674
0.0834795
0.802308
0.240635
0.495239
0.345924
0.954781
0.284747
0.905442
0.646405
0.782497
0.705543
0.502672
0.870289
0.821317
0.566806
0.318273
0.1471
0.843118
0.0868353
0.727798
0.981767
0.738059
0.156471
0.0871174
0.565745
0.373552
0.599415
0.532798
0.892699
0.304619
0.799647
0.821437
0.303905
0.210947
0.321023
0.0830627
0.0883886
0.935492
0.144126
0.363635
0.76267
0.999568
0.145266
0.831583
0.655221
0.469567
0.44266
0.523393
0.420724
0.0502
0.234825
0.503306
0.108789
0.279375
0.756128
0.312047
0.412556
0.699502
0.974557
0.579568
0.721962
0.880513
0.656631
0.676962
0.606544
0.169372
0.424581
0.282364
0.353126
0.0410645
0.430608
0.735936
0.183055
0.92634
0.273451
0.0588459
0.774196
0.390856
0.782015
0.511514
0.712589
0.540956
0.291272
0.565607
0.498788
0.530974
0.0353572
0.165437
0.733919
0.0471607
0.282793
0.153107
0.110367
0.643053
0.838937
0.732975
0.832222
0.801587
0.540584
0.849993
0.0903268
0.598622
0.367861
0.357275
0.217136
0.843079
0.79812
0.847553
0.146135
0.568605
0.0272347
0.0238283
0.801013
0.751907
0.682903
0.48404
0.0394839
0.132539
0.655273
0.794748
0.776882
0.00927889
0.669646
0.72901
0.914344
0.888093
0.226422
0.543166
0.696728
0.856644
0.533293
0.167796
0.125189
0.56034
0.0544773
0.187657
0.0494972
0.655052
0.302266
0.485791
0.565012
0.611179
0.495717
0.426584
0.339319
0.744574
0.711496
0.45291
0.493556
0.348707
0.152022
0.972434
0.663533
0.803673
0.155591
0.407855
0.865365
0.536567
0.573991
0.286265
0.790906
0.708552
0.141955
0.242584
0.157906
0.503365
0.464113
0.812019
0.739699
0.892531
0.24391
0.886641
0.699764
0.752021
0.379843
0.710948
0.855824
0.205469
0.553814
0.291564
0.498724
0.0691177
0.936706
0.0959615
0.390939
0.273085
0.636185
0.915213
0.569848
0.134352
0.511518
0.765968
0.58058
0.356322
0.980848
0.706191
0.763678
0.629832
0.445408
0.440326
0.222329
0.710821
0.956047
0.588182
0.0943366
0.849486
0.746981
0.493161
0.753856
0.446135
0.261587
0.444358
0.567654
0.80843
0.29549
0.187776
0.831157
0.885289
0.88189
0.601714
0.509234
0.852357
0.543881
0.410996
0.406563
0.424015
0.539203
0.815481
0.392699
0.766908
0.721974
0.907534
0.306918
0.890152
0.646703
0.753517
0.167683
0.387007
0.539547
0.0144244
0.311733
0.403089
0.761597
0.980599
0.0880533
0.706291
0.389507
0.895366
0.731273
0.73308
0.538232
0.442889
0.0399909
0.486479
0.0509703
0.275051
0.484665
0.160603
0.181302
0.452281
0.370157
0.366717
0.892452
0.673615
0.678069
0.835819
0.398873
0.170712
0.21372
0.472945
0.574894
0.140954
0.682785
0.637849
0.855576
0.594648
0.322621
0.527349
0.254863
0.491165
0.713346
0.534208
0.125722
0.0393724
0.393561
0.457617
0.287665
0.036844
0.905717
0.440152
0.146379
0.12341
0.896248
0.506419
0.430471
0.823517
0.895333
0.578106
0.170568
0.252862
0.40142
0.840738
0.545408
0.363959
0.8953
0.336937
0.220323
0.605819
0.409034
0.66124
0.802709
0.872668
0.274462
0.631457
0.0398582
0.616717
0.676383
0.811659
0.383859
9.77917e-05
0.635547
0.76167
0.548716
0.960719
0.046177
0.888173
0.684676
0.0671982
0.3933
0.772266
0.794787
0.0380555
0.774715
0.848769
0.0184766
0.799643
0.852626
0.311894
0.407557
0.958462
0.360026
0.122635
0.819183
0.5623
0.786669
0.992599
0.551169
0.0255326
0.869902
0.219511
0.344417
0.0935301
0.514956
0.249184
0.377549
0.721033
0.770126
0.839114
0.878697
0.739646
0.481536
0.698589
0.979543
0.189377
0.252565
0.48042
0.436488
0.189238
0.333086
0.999215
0.844062
0.221913
0.0632593
0.551162
0.965406
0.70753
0.497053
0.210408
0.805137
0.741377
0.830556
0.977081
0.0492351
0.870822
0.259773
0.651706
0.497147
0.786192
0.893318
0.311393
0.111149
0.800795
0.344602
0.262334
0.30785
0.994905
0.628904
0.344111
0.116831
0.898922
0.98998
0.460448
0.831577
0.590513
0.281422
0.21148
0.777504
0.0808356
0.527696
0.502661
0.822278
0.864867
0.28981
0.00524874
0.253179
0.510714
0.460835
0.343284
0.646764
0.163044
0.115905
0.882149
0.355695
0.83562
0.0420683
0.993781
0.23771
0.367729
0.572677
0.673245
0.251864
0.919932
0.35165
0.38211
0.54687
0.883571
0.652242
0.993222
0.666631
0.0796595
0.875639
0.712124
0.498109
0.121565
0.854089
0.849914
0.586148
0.816891
0.583941
0.322907
0.440671
0.483417
0.0131286
0.753554
0.460937
0.0540618
0.508496
0.0481955
0.102139
0.845951
0.627822
0.326185
0.908995
0.868454
0.821398
0.0757208
0.0416824
0.545452
0.68841
0.411071
0.918914
0.726486
0.412966
0.306564
0.603131
0.862062
0.00485766
0.681994
0.553025
0.218085
0.969912
0.214628
0.368107
0.00415007
0.0351431
0.752738
0.15054
0.291118
0.553489
0.205863
0.10914
0.592634
0.213316
0.786372
0.0305988
0.98573
0.677552
0.47779
0.242801
0.645483
0.777592
0.604649
0.695479
0.668749
0.886752
0.378782
0.782863
0.06196
0.0985442
0.297379
0.533694
0.767988
0.834581
0.267441
0.793346
0.607063
0.507175
0.331865
0.0231083
0.0067194
0.861595
0.872054
0.341715
0.395885
0.623068
0.162174
0.434038
0.137965
0.0734333
0.149875
0.951968
0.878006
0.182511
0.338597
0.0324534
0.178922
0.91905
0.646521
0.557792
0.321823
0.3666
0.116959
0.783027
0.145335
0.268758
0.355405
0.955629
0.798999
0.629397
0.568068
0.552277
0.285838
0.992371
0.0770452
0.757869
0.668775
0.0260408
0.187008
0.811722
0.816347
0.03737
0.278474
0.845941
0.562338
0.0408374
0.00257618
0.840982
0.15446
0.0069526
0.452574
0.323439
0.867258
0.91547
0.186645
0.430909
0.65381
0.23826
0.97752
0.96923
0.711816
0.477022
0.163502
0.0866992
0.838425
0.380416
0.476098
0.190622
0.449384
0.466161
0.219262
0.73103
0.137103
0.472654
0.675104
0.47648
0.642826
0.365295
0.611248
0.907193
0.117843
0.522532
0.764703
0.350294
0.54882
0.726593
0.177321
0.482228
0.222154
0.58393
0.257821
0.823395
0.102316
0.000225053
0.445307
0.849981
0.999443
0.335274
0.349509
0.347981
0.40082
0.862411
0.242343
0.634326
0.84144
0.157647
0.776317
0.270346
0.68881
0.0435561
0.804248
0.892219
0.216515
0.712835
0.175691
0.783895
0.842137
0.65643
0.384901
0.816857
0.404041
0.0215557
0.945312
0.382383
0.352362
0.0242199
0.365644
0.940777
0.728866
0.0415433
0.602515
0.812952
0.811138
0.00870166
0.864647
0.839024
0.295576
0.745627
0.643619
0.529283
0.89461
0.838331
0.846213
0.332206
0.222933
0.699951
0.903309
0.644734
0.847756
0.436422
0.730275
0.189701
0.378217
0.141983
0.41405
0.385457
0.468778
0.249199
0.501657
0.332728
0.611662
0.558771
0.765419
0.0435292
0.593452
0.574001
0.319554
0.537474
0.490726
0.764959
0.96352
0.430053
0.0795877
0.387325
0.626799
0.638254
0.534561
0.48093
0.790311
0.828319
0.291279
0.673017
0.759333
0.23062
0.948378
0.411033
0.663015
0.44688
0.0833856
0.250364
0.0554978
0.874426
0.857764
0.821542
0.993494
0.372736
0.28584
0.10224
0.465497
0.797075
0.0430808
0.618921
0.0475649
0.0244213
0.68807
0.203203
0.660681
0.0965299
0.173877
0.927878
0.304506
0.105144
0.523305
0.847643
0.642986
0.444505
0.54323
0.169506
0.316267
0.0558981
0.453063
0.477893
0.854318
0.289545
0.302145
0.63942
0.0669858
0.00858258
0.0513879
0.0123554
0.785847
0.560211
0.193861
0.58585
0.832285
0.239151
0.789377
0.673673
0.0874572
0.868151
0.788322
0.787832
0.538641
0.120751
0.519395
0.316749
0.177129
0.211232
0.216505
0.633225
0.622825
0.576778
0.459605
0.256989
0.350242
0.176696
0.404759
0.696962
0.391206
0.0340645
0.67818
0.598327
0.38901
0.644267
0.809279
0.819074
0.879168
0.875991
0.0778574
0.0614341
0.671824
0.989254
0.650361
0.682867
0.210496
0.39562
0.880153
0.311796
0.782663
0.785696
0.646884
0.893023
0.456693
0.248768
0.609849
0.787832
0.620444
0.00952414
0.250587
0.553764
0.996406
0.407194
0.57931
0.0290637
0.00838066
0.741614
0.380546
0.346913
0.374783
0.611708
0.872853
0.504179
0.803403
0.370958
0.657457
0.11007
0.662856
0.325265
0.831163
0.93922
0.505475
0.297775
0.138088
0.914727
0.31691
0.18612
0.035658
0.145659
0.367054
0.136657
0.549572
0.644385
0.537856
0.960983
0.79285
0.348531
0.00237027
0.419655
0.0238815
0.0726676
0.130607
0.998038
0.118685
0.0146081
0.496849
0.799417
0.332083
0.441488
0.863477
0.180197
0.223003
0.180467
0.0164859
0.752365
0.618837
0.539139
0.327486
0.378118
0.49386
0.28062
0.917236
0.781725
0.636685
0.278377
0.295828
0.403431
0.981886
0.47567
0.354363
0.120746
0.480469
0.774676
0.583199
0.461764
0.384703
0.480417
0.391803
0.935754
0.821676
0.924224
0.405134
0.105916
0.531263
0.891977
0.611574
0.0293143
0.642842
0.482071
0.237452
0.689014
0.366278
0.0179395
0.223142
0.0433593
0.471891
0.640347
0.175615
0.317553
