0.490737
0.444991
0.253307
0.514927
0.809796
0.224432
0.0584283
0.33068
0.458228
0.773242
0.515405
0.133251
0.160862
0.765913
0.147713
0.993067
0.628982
0.836286
0.356881
0.61471
0.476332
0.325603
0.666627
0.0693391
0.416391
0.874296
0.498255
0.120863
0.240885
0.357542
0.977291
0.645861
0.0795506
0.664555
0.271375
0.647255
0.441154
0.821632
0.959404
0.361732
0.535757
0.958955
0.931918
0.960915
0.378227
0.621131
0.322744
0.346285
0.17301
0.921497
0.971888
0.537855
0.480142
0.0401581
0.919669
0.156589
0.662515
0.565792
0.432117
0.500574
0.114393
0.181191
0.0576102
0.714945
0.771177
0.19256
0.214766
0.555553
0.400424
0.402567
0.811582
0.24639
0.174107
0.827132
0.395824
0.930759
0.0221358
0.755983
0.336673
0.216196
0.267118
0.656945
0.537608
0.313142
0.0403794
0.423995
0.180553
0.267367
0.979226
0.469049
0.00126316
0.786138
0.70546
0.157518
0.595968
0.158144
0.585149
0.0876007
0.259262
0.767166
0.269637
0.713329
0.853243
0.6995
0.517811
0.811367
0.207906
0.945129
0.79962
0.29156
0.552781
0.692644
0.180837
0.851226
0.479825
0.217916
0.989075
0.973206
0.937562
0.866519
0.761055
0.767661
0.756475
0.629899
0.971119
0.157619
0.205646
0.815301
0.0409971
0.90827
0.0806437
0.309436
0.130823
1.25524e-05
0.82267
0.935904
0.211398
0.845255
0.168944
0.406367
0.917711
0.848958
0.834348
0.365472
0.683697
0.812932
0.724317
0.0295192
0.65826
0.683886
0.178976
0.918886
0.902534
0.145223
0.748534
0.184201
0.3684
0.552587
0.999924
0.0262616
0.158253
0.713161
0.854693
0.709708
0.566014
0.00871173
0.958142
0.670447
0.399401
0.362388
0.579719
0.216819
0.0834396
0.549269
0.544658
0.324525
0.0452303
0.350657
0.696868
0.0252961
0.879965
0.0521276
0.393077
0.889315
0.798193
0.785327
0.528221
0.101388
0.854334
0.213515
0.592085
0.630868
0.456447
0.0608684
0.25719
0.995326
0.657242
0.98552
0.997942
0.117971
0.726351
0.296362
0.241013
0.778826
0.503838
0.013588
0.54699
0.159646
0.0349681
0.772995
0.323258
0.98259
0.986223
0.0740257
0.568146
0.742647
0.342565
0.371567
0.146318
0.533803
0.885954
0.511498
0.0954084
0.968964
0.955111
0.00998587
0.463918
0.693633
0.986537
0.676531
0.180351
0.993322
0.336778
0.080768
0.453608
0.994734
0.885936
0.363008
0.204626
0.960679
0.922441
0.88854
0.0292677
0.178746
0.809064
0.245673
0.192465
0.943727
0.93018
0.087538
0.153605
0.133789
0.420289
0.31763
0.123177
0.880394
0.173776
0.119107
0.150656
0.831972
0.635932
0.327839
0.243649
0.511342
0.875214
0.649202
0.0182833
0.266886
0.436766
0.218624
0.380847
0.317467
0.477182
0.00588567
0.740679
0.391106
0.680519
0.563165
0.254314
0.457399
0.45557
0.616833
0.600864
0.0536919
0.914372
0.00300262
0.788671
0.705002
0.131974
0.446825
0.493186
0.937689
0.187456
0.685537
0.426119
0.386876
0.48619
0.435256
0.235821
0.497625
0.863359
0.701528
0.438934
0.319855
0.96872
0.933626
0.883274
0.897014
0.432621
0.522593
0.241974
0.748506
0.313266
0.143045
0.0388768
0.945854
0.325233
0.438711
0.705172
0.282631
0.349236
0.551735
0.16729
0.0381257
0.723142
0.99572
0.466041
0.834767
0.814238
0.372525
0.907003
0.089296
0.372746
0.432815
0.24217
0.557686
0.166588
0.980353
0.382833
0.473816
0.397399
0.120053
0.143728
0.781892
0.397799
0.349769
0.518424
0.962619
0.109904
0.99585
0.985962
0.953125
0.845092
0.49243
0.348749
0.660627
0.82502
0.0044798
0.601696
0.569859
0.0038892
0.894602
0.33261
0.944242
0.671959
0.533578
0.153834
0.120803
0.340316
0.954663
0.665137
0.398853
0.406885
0.851637
0.447856
0.0224005
0.1037
0.420598
0.590286
0.756332
0.225416
0.545511
0.244321
0.556327
0.139075
0.827503
0.713344
0.832536
0.575123
0.957912
0.571367
0.806996
0.699674
0.935082
0.313424
0.464807
0.968029
0.624911
0.0372084
0.599052
0.259436
0.165148
0.655967
0.44947
0.793111
0.71344
0.142639
0.434876
0.325501
0.0391264
0.305245
0.479335
0.128801
0.458789
0.593531
0.432082
0.250715
0.615549
0.436856
0.0811968
0.55548
0.602109
0.613333
0.261021
0.0461241
0.927557
0.150224
0.553334
0.967986
0.827908
0.255574
0.0822746
0.193479
0.420403
0.781106
0.90301
0.388108
0.201555
0.716359
0.484161
0.457733
0.388947
0.214083
0.783973
0.777089
0.606778
0.646873
0.420234
0.699544
0.41516
0.195066
0.433953
0.848124
0.183165
0.465878
0.146778
0.687771
0.805622
0.643794
0.612168
0.878862
0.763662
0.672213
0.160315
0.911977
0.0290204
0.966334
0.536818
0.523907
0.312076
0.157298
0.135101
0.394928
0.153655
0.36758
0.822589
0.627311
0.360572
0.517629
0.860625
0.505093
0.284932
0.163756
0.418149
0.0350852
0.447174
0.36728
0.179111
0.769145
0.00286997
0.0949136
0.543652
0.407689
0.553268
0.650405
0.923018
0.68446
0.799595
0.637432
0.628237
0.0325385
0.541097
0.953735
0.852539
0.531615
0.516842
0.316518
0.247526
0.6365
0.591264
0.819079
0.5931
0.186893
0.783457
0.0187074
0.0611269
0.198395
0.64023
0.0558228
0.572864
0.934779
0.452895
0.304365
0.75013
0.761498
0.817819
0.0534332
0.960226
0.28046
0.0407196
0.720181
0.954611
0.246035
0.884711
0.0939532
0.601318
0.762327
0.162104
0.111677
0.21113
0.261686
0.669947
0.664504
0.957503
0.764476
0.96933
0.935701
0.890232
0.920086
0.508427
0.769787
0.0428803
0.329202
0.589291
0.572928
0.133945
0.64732
0.678409
0.244577
0.361784
0.969508
0.560989
0.640364
0.793283
0.996427
0.839013
0.066233
0.846282
0.481595
0.273033
0.30384
0.365743
0.459901
0.467716
0.667187
0.793676
0.757372
0.401144
0.590518
0.932808
0.282188
0.297857
0.247453
0.804004
0.596948
0.345652
0.701385
0.0974423
0.272185
0.756131
0.0871194
0.717535
0.521135
0.668996
0.32376
0.921598
0.615746
0.400095
0.858856
0.552275
0.583951
0.533224
0.943787
0.86371
0.688176
0.355665
0.940409
0.441465
0.185113
0.137493
0.158939
0.716197
0.866732
0.754615
0.727103
0.571078
0.882546
0.155571
0.990518
0.542964
0.343127
0.17208
0.94434
0.117323
0.204873
0.173335
0.196152
0.616899
0.936024
0.0640529
0.960103
0.184142
0.463924
0.12627
0.5823
0.357374
0.903542
0.204887
0.0974495
0.740713
0.567231
0.736971
0.316747
0.267745
0.75575
0.124795
0.947017
0.558947
0.830528
0.952643
0.241106
0.872855
0.0671745
0.547349
0.679521
0.150991
0.790253
0.382599
0.183321
0.65653
0.289291
0.826979
0.358256
0.706724
0.0160475
0.735765
0.27016
0.999078
0.563029
0.386476
0.251591
0.0312627
0.923256
0.258171
0.239722
0.114795
0.531274
0.15449
0.145478
0.482455
0.585425
0.17046
0.753933
0.989459
0.15136
0.00303111
0.655944
0.908383
0.546806
0.105383
0.711047
0.317834
0.507578
0.184967
0.541595
0.584868
0.634852
0.545302
0.558148
0.441167
0.623671
0.771526
0.0161149
0.152959
0.772719
0.259687
0.603645
0.28469
0.275334
0.0897948
0.0607662
0.556444
0.791769
0.742616
0.329778
0.295119
0.802715
0.160221
0.736889
0.979344
0.244063
0.65028
0.705113
0.378155
0.922918
0.134111
0.498402
0.783415
0.214868
0.238476
0.497045
0.835984
0.542497
0.73113
0.504302
0.445645
0.135153
0.800113
0.584298
0.304774
0.569961
0.676802
0.931163
0.49576
0.594091
0.102706
0.269423
0.692179
0.728271
0.140013
0.285638
0.453717
0.151556
0.825884
0.591299
0.114838
0.367341
0.170505
0.716959
0.76721
0.150628
0.998881
0.637633
0.835873
0.27654
0.136382
0.329434
0.749165
0.530088
0.438042
0.857462
0.202391
0.497187
0.161606
0.49495
0.515245
0.636921
0.184323
0.373649
0.582983
0.135058
0.563499
0.165473
0.921345
0.0388157
0.940788
0.295386
0.305225
0.172879
0.290242
0.185546
0.501096
0.336662
0.510109
0.0306931
0.593178
0.282829
0.358376
0.604791
0.403363
0.977055
0.232069
0.598918
0.504885
0.639044
0.2903
0.990408
0.329744
0.0647923
0.421061
0.943238
0.869875
0.730108
0.551774
0.739674
0.472073
0.175373
0.803586
0.243156
0.226662
0.171562
0.989417
0.392445
0.449918
0.167503
0.955755
0.227006
0.760242
0.518398
0.268206
0.943656
0.248081
0.995586
0.740788
0.484448
0.239599
0.0775616
0.308979
0.155818
0.154099
0.522235
0.746514
0.778971
0.955198
0.720452
0.725932
0.871522
0.695743
0.330761
0.722873
0.360391
0.65649
0.695422
0.264123
0.325937
0.578519
0.53768
0.0194125
0.277354
0.48941
0.440276
0.236965
0.459309
0.623165
0.605213
0.0227909
0.689833
0.933877
0.394772
0.963735
0.229462
0.703156
0.15378
0.594275
0.181628
0.741296
0.813122
0.207066
0.9243
0.682201
0.774508
0.507241
0.0728707
0.872054
0.576491
0.610453
0.474303
0.351742
0.841726
0.884675
0.732517
0.433025
0.00549498
0.135748
0.765031
0.368457
0.325465
0.636673
0.890853
0.615064
0.672706
0.500663
0.949621
0.191758
0.603959
0.897938
0.951992
0.630513
0.215148
0.616271
0.761288
0.0212892
0.276148
0.465285
0.306377
0.650699
0.146798
0.0245018
0.825825
0.734433
0.974172
0.235137
0.643277
0.74343
0.671086
0.335647
0.974104
0.823802
0.175875
0.641027
0.263291
0.810502
0.493396
0.665856
0.554576
0.334748
0.0173041
0.0910968
0.390844
0.525193
0.633563
0.0746387
0.745767
0.802852
0.105211
0.405598
0.486691
0.269767
0.238377
0.002363
0.868783
0.191433
0.329548
0.254391
0.560416
0.0729702
0.394082
0.707757
0.69981
0.829043
0.675973
0.594447
0.482927
0.547536
0.938872
0.705409
0.782608
0.34697
0.0383452
0.107345
0.298964
0.827679
0.275396
0.203264
0.741019
0.616732
0.0312278
0.636774
0.539595
0.506602
0.183258
0.54013
0.59146
0.687588
0.802387
0.626032
0.534713
0.573988
0.631511
0.623172
0.0554284
0.724025
0.845291
0.555528
0.725543
0.353508
0.591165
0.365414
0.871999
0.943268
0.811614
0.380277
