0.312546
0.718878
0.727176
0.911374
0.406365
0.207954
0.727772
0.884388
0.944856
0.316723
0.0095332
0.270632
0.647714
0.299792
0.243123
0.740491
0.01515
0.016588
0.46788
0.382421
0.642822
0.333359
0.824634
0.202574
0.528899
0.438962
0.343366
0.225723
0.998475
0.949916
0.410476
0.0730861
0.869968
0.679395
0.540743
0.891351
0.488908
0.94542
0.0790035
0.508527
0.253769
0.292938
0.456459
0.691287
0.258991
0.505068
0.626762
0.378768
0.680351
0.778462
0.306753
0.768103
0.527294
0.937556
0.646759
0.126388
0.387612
0.563082
0.955842
0.204295
0.789261
0.909498
0.106473
0.126142
0.804331
0.486508
0.244021
0.631676
0.520301
0.179761
0.425993
0.544274
0.0033378
0.785429
0.815787
0.340793
0.378939
0.833937
0.0562395
0.697915
0.654625
0.577847
0.447914
0.890197
0.909943
0.0185908
0.556957
0.914436
0.478502
0.847513
0.877702
0.215907
0.747392
0.175742
0.174938
0.890853
0.198654
0.92831
0.130948
0.240764
0.317905
0.777183
0.922091
0.553155
0.995337
0.488518
0.350211
0.983804
0.0436837
0.558825
0.153608
0.415737
0.458489
0.0153256
0.122828
0.169611
0.0456225
0.255184
0.646052
0.440762
0.0408104
0.7991
0.309133
0.337724
0.346519
0.833653
0.175477
0.397478
0.0109263
0.417868
0.370475
0.451999
0.57413
0.228873
0.595628
0.721669
0.906525
0.721555
0.197446
0.00996713
0.164339
0.57722
0.415961
0.874994
0.487434
0.316488
0.437942
0.652256
0.0642356
0.951049
0.879832
0.204349
0.188812
0.549681
0.325331
0.2719
0.935264
0.59315
0.54264
0.301295
0.074184
0.993282
0.00652556
0.623788
0.856355
0.651075
0.34988
0.861349
0.288645
0.428872
0.370154
0.433944
0.527065
0.41157
0.215337
0.0434349
0.0119808
0.33192
0.374677
0.00902944
0.970654
0.0348977
0.0991556
0.329248
0.91175
0.856078
0.876489
0.345591
0.737249
0.789211
0.586018
0.882569
0.0964019
0.317642
0.958067
0.739505
0.606945
0.784979
0.963208
0.408713
0.568473
0.179808
0.75607
0.895368
0.792978
0.209334
0.798833
0.513873
0.177636
0.537219
0.789512
0.535817
0.644767
0.0604178
0.0198262
0.56448
0.0738866
0.100136
0.787819
0.510926
0.851112
0.381795
0.490148
0.0465994
0.660603
0.679019
0.0190262
0.407591
0.143297
0.996804
0.0889224
0.425317
0.0477548
0.1687
0.117857
0.658894
0.498208
0.742985
0.288505
0.504062
0.00490612
0.0329473
0.413856
0.153523
0.841447
0.206341
0.232657
0.284054
0.414483
0.288696
0.7595
0.345051
0.250494
0.955853
0.314638
0.323642
0.22481
0.990512
0.858372
0.861398
0.657792
0.277763
0.25534
0.597638
0.903237
0.214893
0.0932368
0.614177
0.0539033
0.409956
0.681434
0.856775
0.389301
0.544722
0.854172
0.408053
0.190601
0.276379
0.203471
0.487011
0.547801
0.0535934
0.366731
0.0501314
0.784035
0.721366
0.994027
0.868971
0.122018
0.790198
0.0200329
0.959357
0.217815
0.244065
0.865771
0.237222
0.186698
0.762698
0.194874
0.275845
0.746183
0.23274
0.84968
0.0397869
0.101314
0.423096
0.591919
0.470301
0.19709
0.699236
0.273113
0.797368
0.963105
0.651645
0.0597227
0.45332
0.175346
0.513291
0.337895
0.462863
0.56022
0.241163
0.922964
0.184855
0.765749
0.136913
0.198551
0.280599
0.824886
0.881467
0.810492
0.783574
0.736179
0.858777
0.540326
0.145876
0.786472
0.643677
0.983516
0.136149
0.240805
0.528631
0.657361
0.464156
0.0246294
0.964709
0.163647
0.0067398
0.0230687
0.791567
0.0308287
0.510581
0.622444
0.131508
0.861097
0.6463
0.118963
0.822522
0.406993
0.28929
0.619568
0.265516
0.202774
0.901984
0.0600454
0.560551
0.375434
0.892793
0.96527
0.807053
0.260422
0.826528
0.57661
0.443258
0.44708
0.36138
0.971638
0.499605
0.878699
0.787566
0.800832
0.641175
0.632379
0.0424103
0.2667
0.874294
0.00338814
0.077083
0.969845
0.7921
0.519419
0.449814
0.247477
0.23422
0.509412
0.0207421
0.628885
0.235491
0.852072
0.623354
0.0332206
0.138793
0.529075
0.587309
0.334429
0.746856
0.608047
0.988065
0.918399
0.388183
0.280101
0.497929
0.857297
0.772072
0.577119
0.713619
0.325972
0.507642
0.393771
0.835586
0.885796
0.161868
0.439158
0.573682
0.260397
0.731884
0.743109
0.154503
0.228852
0.406087
0.342304
0.305297
0.260822
0.489491
0.770936
0.0893983
0.519111
0.368111
0.981113
0.468251
0.85418
0.387268
0.318018
0.464976
0.416061
0.519231
0.174616
0.804497
0.508303
0.694605
0.951203
0.905241
0.309173
0.673041
0.944503
0.0974372
0.0850792
0.327857
0.791558
0.942892
0.521069
0.219775
0.093217
0.531398
0.793604
0.334751
0.842429
0.628704
0.0105368
0.860737
0.282091
0.550951
0.643201
0.878701
0.817659
0.64086
0.575755
0.842585
0.609463
0.220288
0.396662
0.723276
0.469636
0.894416
0.557382
0.691814
0.688817
0.082594
0.0232937
0.216467
0.417449
0.650572
0.0416749
0.449049
0.226876
0.519451
0.652066
0.775128
0.475017
0.126107
0.563604
0.403441
0.101802
0.610199
0.0247638
0.869329
0.479222
0.60275
0.310044
0.32711
0.941213
0.491287
0.449082
0.506763
0.617998
0.0365348
0.822796
0.209393
0.200379
0.21567
0.251763
0.217052
0.258477
0.167191
0.201794
0.491335
0.740355
0.112219
0.731694
0.536215
0.275141
0.127521
0.808211
0.799958
0.906058
0.644998
0.613092
0.990965
0.8779
0.552758
0.467543
0.182778
0.104429
0.77276
0.998561
0.583117
0.940244
0.189973
0.172791
0.842008
0.882523
0.808203
0.822275
0.773947
0.827347
0.00739873
0.287569
0.369104
0.505706
0.77747
0.803037
0.96862
0.72425
0.803834
0.249195
0.478985
0.0356851
0.279386
0.897474
0.500464
0.463881
0.318058
0.771872
0.244523
0.90868
0.844976
0.25312
0.115451
0.855319
0.838141
0.54976
0.830872
0.0135918
0.796715
0.661569
0.956495
0.511759
0.310834
0.460125
0.729819
0.270018
0.607975
0.511564
0.0478965
0.178773
0.950964
0.266486
0.494231
0.706497
0.762387
0.242133
0.279645
0.562376
0.350799
0.821697
0.97234
0.0385648
0.113223
0.295761
0.89184
0.657162
0.0894382
0.771078
0.0421744
0.746875
0.742719
0.571418
0.459037
0.574388
0.842155
0.755605
0.845954
0.655362
0.321523
0.377797
0.374656
0.870177
0.989772
0.11494
0.5244
0.00933588
0.968031
0.88636
0.835367
0.373571
0.728116
0.0906059
0.451152
0.0536233
0.60776
0.0844715
0.32537
0.514723
0.67725
0.529141
0.967149
0.110702
0.832743
0.228581
0.600891
0.152936
0.991004
0.0851238
0.614965
0.158783
0.260875
0.797255
0.17449
0.904874
0.966202
0.924443
0.873224
0.909987
0.395316
0.944382
0.299441
0.97265
0.152161
0.927268
0.390959
0.388438
0.983866
0.452289
0.454122
0.471942
0.959996
0.391311
0.721993
0.00839479
0.878304
0.184802
0.326403
0.260111
0.772029
0.234841
0.559284
0.152383
0.39381
0.0404284
0.297954
0.264351
0.551119
0.699882
0.469379
0.24931
0.168293
0.40549
0.428717
0.309833
0.950093
0.555305
0.126692
0.352584
0.52182
0.107204
0.941203
0.447771
0.921069
0.799986
0.0479121
0.218285
0.315938
0.86684
0.204898
0.783584
0.824881
0.865855
0.826418
0.883211
0.313095
0.252839
0.22066
0.805023
0.0404239
0.321131
0.866619
0.743093
0.0359672
0.133913
0.605024
0.210303
0.0740377
0.0733554
0.618324
0.130631
0.126876
0.632224
0.0746686
0.236151
0.168846
0.0725455
0.311126
0.393681
0.207168
0.576458
0.430726
0.486082
0.414212
0.514331
0.188792
0.473356
0.236499
0.454979
0.04317
0.25836
0.355036
0.543095
0.243628
0.982165
0.372363
0.868929
0.835205
0.374238
0.101159
0.455044
0.450809
0.782138
0.329335
0.485372
0.767633
0.506037
0.936757
0.401372
0.502847
0.0629012
0.238504
0.490417
0.82322
0.00527975
0.429678
0.591383
0.0438877
0.919867
0.00682617
0.542373
0.491102
0.230781
0.0408318
0.995632
0.404115
0.432363
0.176523
0.224769
0.751096
0.376855
0.233621
0.548996
0.834124
0.241677
0.284457
0.999641
0.558173
0.801372
0.0831857
0.85385
0.239284
0.629271
0.721474
0.66048
0.826721
0.853873
0.385907
0.383162
0.41415
0.094834
0.0918054
0.285514
0.915008
0.203744
0.268735
0.183636
0.776804
0.434487
0.0724458
0.690729
0.609527
0.668346
0.29853
0.0788523
0.603214
0.318826
0.772502
0.383042
0.60936
0.54108
0.0915205
0.372346
0.761656
0.371111
0.59261
0.013396
0.510549
0.419554
0.422561
0.0507706
0.94705
0.74531
0.584246
0.329914
0.290496
0.533698
0.834613
0.486997
0.415395
0.20436
0.309181
0.631041
0.292341
0.573916
0.748073
0.643256
0.218032
0.698158
0.198766
0.71857
0.709294
0.0191396
0.0701674
0.774278
0.936146
0.441733
0.413431
0.350915
0.569052
0.965036
0.304272
0.63036
0.915055
0.493388
0.201898
0.196099
0.218154
0.452088
0.15938
0.160578
0.9986
0.832817
0.760716
0.284956
0.306374
0.293729
0.659392
0.715836
0.763573
0.939239
0.593516
0.964268
0.271052
0.40446
0.752536
0.752
0.25401
0.869459
0.370459
0.349802
0.321557
0.627998
0.420725
0.0330658
0.215613
0.836105
0.287562
0.27955
0.923552
0.0653516
0.288938
0.33429
0.830141
0.285666
0.926107
0.766756
0.783445
0.903005
0.734617
0.645205
0.949766
0.476626
0.612022
0.953102
0.332739
0.741022
0.497006
0.872899
0.831405
0.557634
0.275218
0.561826
0.712417
0.42114
0.786528
0.0450263
0.371194
0.145572
0.808977
0.850796
0.257282
0.354934
0.89418
0.01298
0.838736
0.403727
0.929364
0.0656925
0.480411
0.351943
0.300914
0.655024
0.111582
0.619903
0.534557
0.393118
0.557423
0.947752
0.286993
0.579364
0.409595
0.284536
0.56422
0.413721
0.31095
0.232158
0.0413538
0.327348
0.529237
0.668812
0.358934
0.0553214
0.694935
0.177289
0.271011
0.0765611
0.578067
0.902828
0.519516
0.0460035
0.779094
0.465718
0.310432
0.843893
0.208986
0.553645
0.266382
0.867299
0.2332
0.818601
0.730884
0.188768
0.354758
0.703527
0.299012
0.207275
0.311499
