0.806303
0.300349
0.545363
0.569043
0.505988
0.914538
0.933343
0.369212
0.815187
0.568212
0.0725876
0.321614
0.276397
0.763852
0.0955416
0.698581
0.331615
0.702455
0.2302
0.0590989
0.282796
0.164886
0.444151
0.180932
0.088236
0.90103
0.612056
0.563067
0.869897
0.151773
0.0815716
0.123469
0.0066667
0.928783
0.512698
0.717141
0.688562
0.677106
0.865578
0.0995103
0.806862
0.945581
0.411724
0.960116
0.0551838
0.690057
0.643688
0.651614
0.116493
0.834434
0.958166
0.239091
0.811055
0.714506
0.987542
0.494699
0.080319
0.0296229
0.454866
0.46259
0.681746
0.927164
0.427276
0.219174
0.469565
0.844823
0.842849
0.453686
0.13648
0.735702
0.185897
0.494061
0.291297
0.301228
0.185697
0.40313
0.747507
0.85687
0.413659
0.77012
0.897793
0.455678
0.653929
0.822473
0.0494804
0.894626
0.922435
0.482973
0.595923
0.22878
0.00936843
0.997191
0.89883
0.418261
0.420097
0.756233
0.756523
0.733038
0.589526
0.939812
0.333138
0.540522
0.244886
0.604624
0.423764
0.100975
0.791969
0.843039
0.930515
0.995737
0.59979
0.637108
0.424538
0.813257
0.0586984
0.0328761
0.668971
0.717943
0.286917
0.260013
0.977823
0.526822
0.360525
0.421753
0.285798
0.919009
0.941872
0.380152
0.804062
0.402999
0.181441
0.461651
0.136936
0.66676
0.768132
0.607955
0.734539
0.935641
0.0029997
0.597225
0.556355
0.963102
0.771418
0.960586
0.820752
0.279243
0.288686
0.218934
0.715426
0.322152
0.494073
0.0650749
0.94379
0.0770681
0.968295
0.11616
0.982298
0.848354
0.249437
0.86144
0.923706
0.789277
0.422305
0.430336
0.781272
0.814612
0.85622
0.805812
0.128893
0.521048
0.966251
0.108072
0.952177
0.740412
0.872878
0.573561
0.585458
0.350705
0.835104
0.854279
0.609743
0.969947
0.33199
0.262418
0.5866
0.15784
0.667642
0.585293
0.502979
0.75024
0.974627
0.0956042
0.80198
0.951441
0.490828
0.382
0.874545
0.809274
0.984736
0.624954
0.887101
0.698015
0.204183
0.942963
0.820129
0.434111
0.223507
0.434041
0.59268
0.649713
0.564161
0.537545
0.147821
0.0490237
0.963752
0.341299
0.374024
0.172457
0.668525
0.459036
0.737489
0.293613
0.124279
0.103152
0.500405
0.0740619
0.940722
0.977775
0.400153
0.60094
0.00426642
0.617139
0.664435
0.432363
0.614257
0.794279
0.237359
0.275645
0.51764
0.625034
0.0914406
0.923339
0.717069
0.992363
0.500558
0.0720781
0.927446
0.915976
0.148837
0.64924
0.555906
0.492271
0.950476
0.272419
0.0802275
0.0295924
0.455507
0.46671
0.700697
0.00379494
0.716493
0.264806
0.140397
0.459123
0.49117
0.814911
0.468934
0.479404
0.656016
0.621459
0.824614
0.354548
0.705764
0.043652
0.910039
0.0673677
0.213852
0.676805
0.136159
0.725707
0.128812
0.241509
0.289744
0.564882
0.78159
0.605603
0.59931
0.145432
0.478807
0.563955
0.0744651
0.371192
0.556966
0.00106797
0.993713
0.952666
0.772579
0.0614812
0.415675
0.940721
0.903248
0.952999
0.588763
0.95559
0.434673
0.00772264
0.134282
0.736191
0.208603
0.6259
0.877975
0.63475
0.906723
0.727585
0.205003
0.68175
0.245477
0.337109
0.813361
0.846179
0.756831
0.925369
0.740736
0.116099
0.0299689
0.13492
0.539801
0.0245242
0.288935
0.512893
0.476941
0.245612
0.181203
0.876709
0.629425
0.886169
0.652191
0.937621
0.756009
0.0974653
0.780708
0.807059
0.815982
0.632363
0.450343
0.0107876
0.0116415
0.97276
0.731788
0.635884
0.229217
0.652342
0.8511
0.23552
0.753222
0.399649
0.6189
0.116559
0.129247
0.726456
0.195512
0.634966
0.0501928
0.586461
0.0670307
0.124035
0.140935
0.729293
0.107342
0.080418
0.516431
0.374824
0.601066
0.232976
0.988264
0.832803
0.102445
0.119437
0.794621
0.692794
0.00516938
0.795873
0.728714
0.209428
0.698139
0.30398
0.540632
0.507975
0.182159
0.521178
0.487637
0.235219
0.0225823
0.0185219
0.907891
0.28065
0.512879
0.551423
0.692629
0.192968
0.924149
0.808183
0.531758
0.9169
0.715575
0.0413465
0.807908
0.475329
0.580802
0.206854
0.0139035
0.221734
0.205271
0.236021
0.568689
0.287945
0.60947
0.0653185
0.906679
0.852209
0.953143
0.0489741
0.715556
0.852571
0.67542
0.37938
0.197497
0.770562
0.845895
0.140317
0.228843
0.110203
0.601636
0.617988
0.293202
0.197326
0.545133
0.494867
0.0629995
0.924197
0.978189
0.551359
0.504449
0.0644631
0.84674
0.500273
0.380976
0.7834
0.271618
0.579106
0.0300732
0.968485
0.540251
0.525142
0.288592
0.00527067
0.4343
0.558361
0.441472
0.623579
0.76823
0.997163
0.0689122
0.439006
0.0138258
0.131901
0.666974
0.814735
0.88564
0.981231
0.916625
0.668667
0.762379
0.556271
0.476218
0.850865
0.819226
0.257574
0.172412
0.716302
0.746106
0.0299129
0.464525
0.517935
0.926882
0.899877
0.0573284
0.245075
0.954493
0.521286
0.537276
0.532086
0.357029
0.353406
0.907174
0.262384
0.409742
0.0969941
0.894284
0.492759
0.907994
0.0131358
0.90687
0.322995
0.776145
0.749913
0.514172
0.335821
0.387377
0.301871
0.324833
0.232159
0.469457
0.72731
0.138746
0.286691
0.471433
0.248375
0.247353
0.248741
0.266274
0.358973
0.757371
0.313463
0.0644435
0.565493
0.812963
0.788346
0.413409
0.385337
0.591344
0.0800311
0.158093
0.228275
0.94682
0.62644
0.23726
0.785602
0.578272
0.399216
0.190841
0.552108
0.595075
0.601478
0.253194
0.105866
0.356447
0.185888
0.907304
0.770831
0.45925
0.818029
0.774917
0.287245
0.749217
0.910095
0.71762
0.114866
0.230616
0.349899
0.0238483
0.994
0.749364
0.550185
0.556835
0.389346
0.324562
0.443259
0.738498
0.441661
0.00347955
0.0459306
0.244268
0.0522302
0.114973
0.219767
0.283842
0.725153
0.796339
0.251657
0.342892
0.792439
0.668608
0.879694
0.260694
0.646921
0.535275
0.389364
0.518708
0.607974
0.979469
0.405051
0.615085
0.0450531
0.734555
0.00185233
0.400119
0.384042
0.703181
0.76271
0.247633
0.621409
0.499754
0.405849
0.937304
0.971183
0.391364
0.607533
0.122923
0.26974
0.512132
0.645131
0.261596
0.763396
0.22601
0.485495
0.87888
0.903821
0.513007
0.943653
0.0448554
0.776259
0.253857
0.536809
0.936142
0.785567
0.288129
0.658667
0.358843
0.225059
0.120763
0.699051
0.107438
0.353166
0.152058
0.733854
0.0345993
0.602913
0.306084
0.410286
0.706962
0.549199
0.932539
0.652444
0.521815
0.258897
0.857044
0.812191
0.159747
0.648766
0.454873
0.890344
0.248211
0.476169
0.623117
0.453182
0.111042
0.587612
0.526295
0.869261
0.478906
0.0500922
0.990395
0.49154
0.0356855
0.790253
0.420351
0.409827
0.675802
0.366364
0.115968
0.398531
0.34748
0.498098
0.861269
0.684728
0.356947
0.979137
0.662295
0.161538
0.00856891
0.597576
0.508334
0.671821
0.455922
0.689147
0.0315841
0.987178
0.63881
0.948259
0.940266
0.107267
0.181207
0.121837
0.100162
0.504434
0.12515
0.210991
0.139595
0.938653
0.37556
0.805481
0.452852
0.467778
0.731003
0.176009
0.477033
0.278115
0.375391
0.749311
0.117349
0.960294
0.705619
0.591071
0.195851
0.855466
0.370139
0.521641
0.798595
0.0968033
0.393468
0.489577
0.396252
0.971319
0.261643
0.82799
0.61315
0.226992
0.843605
0.0186991
0.519751
0.950213
0.0235217
0.589211
0.323573
0.638535
0.919052
0.767502
0.333543
0.093739
0.560544
0.519615
0.0727927
0.760218
0.906172
0.595072
0.414885
0.133662
0.0680084
0.205093
0.618485
0.865067
0.62404
0.958637
0.135464
0.185048
0.891113
0.681244
0.0674449
0.273471
0.0338232
0.741698
0.145779
0.199391
0.884336
0.511499
0.109966
0.0563077
0.348153
0.582147
0.35951
0.917733
0.270806
0.365244
0.754211
0.238067
0.6405
0.700399
0.437897
0.323792
0.00167985
0.0959514
0.56059
0.499976
0.95455
0.22751
0.774113
0.597089
0.615516
0.319297
0.376133
0.383129
0.913579
0.0333081
0.97764
0.566069
0.597652
0.491289
0.568867
0.991605
0.829827
0.054515
0.858644
0.661228
0.239575
0.486394
0.76219
0.195598
0.313876
0.122872
0.912348
0.368239
0.998301
0.67566
0.0692463
0.33454
0.38402
0.293265
0.30341
0.181073
0.35575
0.504842
0.8273
0.420224
0.0756446
0.67185
0.350296
0.0551302
0.178116
0.572527
0.832113
0.839936
0.5506
0.744175
0.509656
0.360359
0.575248
0.208259
0.0723166
0.559571
0.706575
0.203312
0.860699
0.334385
0.260022
0.550664
0.96379
0.826764
0.286475
0.277973
0.0895655
0.0356339
0.407713
0.125575
0.084032
0.374014
0.487794
0.560643
0.973707
0.796457
0.015379
0.924158
0.406538
0.121806
0.0719928
0.335699
0.366258
0.176258
0.761226
0.981035
0.0351757
0.381742
0.973869
0.407539
0.68041
0.414614
0.363989
0.452409
0.438557
0.559658
0.410937
0.428705
0.873791
0.384404
0.442304
0.194193
0.184415
0.358756
0.492802
0.728008
0.932835
0.0449332
0.874088
0.840128
0.17398
0.482725
0.33053
0.638656
0.85716
0.395057
0.655905
0.379917
0.376354
0.838869
0.646033
0.326373
0.143944
0.926307
0.262351
0.237341
0.0628823
0.241229
0.881431
0.11753
0.772297
0.576016
0.505422
0.848389
0.541534
0.613708
0.80844
0.327266
0.687639
0.180441
0.893891
0.739383
0.391274
0.6932
0.637736
0.587616
0.786073
0.42789
0.492685
0.105101
0.196436
0.232711
0.628338
0.675634
0.39876
0.311849
0.282258
0.886904
0.781103
0.704484
0.19698
0.841518
0.276295
0.0841029
0.0179641
0.350859
0.943476
0.503128
0.527482
0.636737
0.0730818
0.707862
0.589438
0.165866
0.690255
0.648739
0.680133
0.242151
0.331708
0.810889
0.879964
0.981781
0.971009
0.990024
0.20106
0.296144
0.967319
0.138622
0.125856
0.507544
0.912554
0.907433
0.231606
0.222741
0.251995
0.507298
0.775829
0.0892988
0.553327
0.516275
0.117702
0.05974
0.299124
0.257081
0.850376
0.788524
0.0777609
0.369849
0.519245
0.78683
0.0477762
0.205188
0.801141
0.960154
0.550659
0.662568
0.0194717
0.153721
