0.595635
0.84814
0.929327
0.77645
0.135667
0.0729987
0.291624
0.866003
0.692663
0.280531
0.34207
0.795213
0.844407
0.497824
0.172786
0.781994
0.397139
0.816064
0.139715
0.591504
0.766944
0.022887
0.630831
0.922398
0.540802
0.211291
0.576241
0.957161
0.842229
0.240004
0.325735
0.951398
0.12678
0.920561
0.518391
0.737282
0.0320945
0.805877
0.569364
0.0160442
0.907707
0.455339
0.398898
0.314525
0.649507
0.0515454
0.0285273
0.480736
0.463881
0.243574
0.669467
0.593557
0.186594
0.091759
0.928149
0.161469
0.781312
0.989106
0.754021
0.485346
0.642839
0.434294
0.754408
0.0603056
0.329962
0.531055
0.501753
0.891633
0.353136
0.0893878
0.457809
0.599731
0.641722
0.203113
0.140274
0.189231
0.315988
0.179117
0.15636
0.357002
0.388711
0.693032
0.728748
0.214414
0.0215844
0.0467042
0.338632
0.298524
0.961231
0.401927
0.111003
0.747343
0.779918
0.865982
0.567
0.514243
0.546004
0.303629
0.36864
0.496342
0.548979
0.750691
0.68061
0.452016
0.704296
0.304153
0.774215
0.582398
0.262797
0.363903
0.498659
0.652005
0.449942
0.100977
0.244314
0.523436
0.659599
0.0273924
0.0234069
0.981013
0.827587
0.542494
0.292672
0.718707
0.60994
0.330972
0.143362
0.366888
0.990754
0.487309
0.483322
0.433245
0.944833
0.241919
0.836385
0.0328582
0.779961
0.163699
0.383757
0.282131
0.783873
0.714318
0.872804
0.231966
0.800893
0.0289204
0.0179378
0.214932
0.36333
0.798449
0.0185856
0.481427
0.00248105
0.128595
0.819549
6.59898e-05
0.364326
0.250156
0.738397
0.29696
0.755006
0.956123
0.0850747
0.209169
0.740888
0.640221
0.398755
0.4272
0.428339
0.812043
0.926855
0.7015
0.048181
0.963763
0.971188
0.588086
0.469909
0.663376
0.726362
0.608251
0.270493
0.74955
0.235312
0.697203
0.982958
0.503007
0.0871535
0.816979
0.14952
0.669445
0.481976
0.608173
0.804593
0.209102
0.288125
0.955971
0.0123388
0.647768
0.716373
0.345025
0.0839474
0.904463
0.236563
0.878602
0.0996302
0.470625
0.361205
0.836579
0.360282
0.815877
0.921346
0.647723
0.393782
0.895327
0.459732
0.150823
0.141106
0.633495
0.365976
0.0200335
0.946975
0.259736
0.379002
0.229237
0.980341
0.370264
0.0817314
0.430455
0.709377
0.591685
0.0128756
0.121294
0.056394
0.721223
0.0208858
0.476513
0.857202
0.218314
0.485206
0.718651
0.250343
0.922942
0.0296666
0.90269
0.620884
0.875429
0.35296
0.989714
0.723988
0.112839
0.801522
0.0848259
0.61314
0.31693
0.309332
0.713873
0.998056
0.188615
0.330188
0.0144828
0.657202
0.42413
0.386871
0.715951
0.530231
0.167592
0.8628
0.783321
0.114826
0.815222
0.660601
0.600521
0.793401
0.0460942
0.353053
0.567487
0.714478
0.95451
0.451143
0.98638
0.853677
0.15881
0.414316
0.111933
0.87947
0.7619
0.0278712
0.240782
0.44855
0.0382099
0.772708
0.714879
0.556021
0.722267
0.812015
0.713963
0.565051
0.773857
0.220329
0.712123
0.541452
0.494748
0.0797587
0.473402
0.517805
0.87186
0.0682823
0.461444
0.312285
0.02221
0.165413
0.538239
0.527254
0.614181
0.0998508
0.826942
0.352381
0.140568
0.164495
0.613673
0.797677
0.918046
0.0235857
0.16348
0.981005
0.688213
0.136932
0.325294
0.095394
0.695291
0.426499
0.800995
0.681011
0.115291
0.810061
0.953486
0.82685
0.711767
0.227119
0.028903
0.927003
0.593188
0.781874
0.667784
0.616762
0.946726
0.628635
0.580452
0.513332
0.623843
0.224094
0.261269
0.386221
0.452152
0.572054
0.617134
0.382346
0.149121
0.0852484
0.384919
0.930838
0.712155
0.689286
0.213027
0.952473
0.16024
0.793909
0.282008
0.998855
0.502348
0.756295
0.339201
0.946306
0.80709
0.461705
0.0224705
0.869286
0.249224
0.64618
0.348024
0.718774
0.00759224
0.58653
0.23727
0.430021
0.889561
0.782378
0.957665
0.0852794
0.557162
0.255607
0.352775
0.755971
0.229715
0.0917183
0.7363
0.649754
0.738016
0.848655
0.325168
0.187164
0.805089
0.457577
0.0866698
0.632894
0.42855
0.241012
0.87475
0.906918
0.239441
0.673013
0.730278
0.20015
0.71273
0.506697
0.220388
0.0199099
0.104294
0.893822
0.691897
0.289955
0.989479
0.121636
0.313842
0.130343
0.278268
0.591808
0.783909
0.941825
0.581997
0.666718
0.574158
0.420067
0.80656
0.00774482
0.590636
0.124475
0.847235
0.0309144
0.122085
0.226695
0.260162
0.104599
0.952767
0.0638979
0.78516
0.114473
0.514331
0.121682
0.595359
0.0206384
0.951692
0.0716077
0.148202
0.0319643
0.978064
0.488543
0.513085
0.0225517
0.393927
0.87262
0.0505955
0.815452
0.145231
0.600911
0.318239
0.958536
0.795453
0.43372
0.077785
0.617582
0.286932
0.200697
0.279141
0.211483
0.866084
0.291479
0.895771
0.414753
0.0478154
0.576157
0.486797
0.152094
0.493878
0.38039
0.360495
0.210238
0.680413
0.140124
0.214422
0.0919483
0.229454
0.361098
0.12721
0.737247
0.779569
0.508004
0.776699
0.736701
0.270454
0.448354
0.759857
0.662121
0.516759
0.0759954
0.889153
0.139163
0.945834
0.739316
0.340472
0.287419
0.374539
0.0991786
0.527637
0.152426
0.700277
0.0415388
0.578494
0.755071
0.380837
0.269662
0.287572
0.383028
0.578568
0.201178
0.420213
0.749491
0.843384
0.794661
0.24341
0.644027
0.209966
0.931066
0.158098
0.700671
0.584046
0.974671
0.307993
0.90814
0.292587
0.138873
0.0401444
0.487337
0.67324
0.281567
0.0918809
0.76092
0.577739
0.755224
0.37937
0.640113
0.664312
0.936741
0.262797
0.353791
0.35436
0.0618207
0.163039
0.0445585
0.327881
0.989209
0.404935
0.857236
0.433328
0.519536
0.162138
0.144356
0.886218
0.893781
0.378423
0.41393
0.631921
0.0965912
0.540702
0.644404
0.747608
0.589121
0.178563
0.5918
0.758091
0.0966537
0.965248
0.713995
0.740811
0.0759088
0.295365
0.337224
0.094899
0.486963
0.214066
0.689841
0.849291
0.494965
0.572796
0.428114
0.38489
0.726455
0.286646
0.279318
0.445744
0.705408
0.568197
0.427035
0.314444
0.0939044
0.0130459
0.263505
0.0263697
0.362663
0.411705
0.134352
0.498173
0.516015
0.163289
0.700337
0.445253
0.496752
0.165559
0.541374
0.963296
0.895568
0.0566902
0.62773
0.648826
0.590257
0.683486
0.283402
0.133964
0.939551
0.671258
0.2667
0.910105
0.156598
0.970131
0.592957
0.315724
0.487271
0.253066
0.724524
0.56322
0.818026
0.040348
0.752834
0.679835
0.338502
0.42564
0.197788
0.237646
0.883818
0.278652
0.0492153
0.747611
0.581558
0.799309
0.675587
0.592677
0.428407
0.298561
0.224874
0.374907
0.421486
0.0806178
0.142628
0.551759
0.869449
0.301953
0.432216
0.236359
0.508144
0.681655
0.282316
0.036878
0.0460346
0.938489
0.686471
0.809874
0.764319
0.829436
0.679954
0.202915
0.796713
0.664918
0.818766
0.860945
0.713898
0.175339
0.525806
0.172061
0.0377264
0.60452
0.929272
0.427036
0.309975
0.904399
0.818216
0.268145
0.341024
0.906469
0.340316
0.301923
0.262951
0.344722
0.066798
0.751043
0.0124905
0.60516
0.0495552
0.020178
0.868648
0.0768471
0.495502
0.0510285
0.669988
0.97962
0.683032
0.341395
0.336529
0.543169
0.745767
0.50319
0.321523
0.412913
0.948355
0.234698
0.617713
0.157235
0.0796246
0.581744
0.943393
0.751429
0.587763
0.363018
0.73313
0.91315
0.0828426
0.63444
0.558221
0.164379
0.831345
0.067535
0.60171
0.495013
0.868055
0.116964
0.813201
0.503039
0.350035
0.852022
0.368403
0.886192
0.77785
0.327288
0.0581443
0.160226
0.708884
0.367218
0.232386
0.478758
0.587968
0.64
0.923606
0.42963
0.320079
0.895211
0.775161
0.682871
0.210323
0.240774
0.399062
0.365181
0.89607
0.333822
0.788673
0.0360788
0.896221
0.360679
0.410952
0.140458
0.402766
0.680943
0.603429
0.812816
0.939452
0.01054
0.900898
0.908031
0.512635
0.0189614
0.916689
0.133654
0.879379
0.215399
0.403765
0.158826
0.557741
0.99911
0.120451
0.574742
0.204128
0.748762
0.12581
0.581593
0.983009
0.82585
0.129729
0.277206
0.553669
0.367111
0.522788
0.422134
0.299249
0.74121
0.710593
0.556424
0.422938
0.544192
0.378103
0.342804
0.536324
0.00922928
0.308312
0.0115315
0.365004
0.705376
0.380921
0.781805
0.196272
0.400286
0.375466
0.134685
0.694148
0.962113
0.204289
0.812625
0.706407
0.175453
0.200096
0.420512
0.689011
0.346255
0.0832781
0.503355
0.372477
0.570931
0.233825
0.975432
0.29571
0.544421
0.893084
0.776092
0.83176
0.782378
0.919968
0.627065
0.330962
0.132409
0.72715
0.766328
0.00619829
0.449322
0.0216463
0.53361
0.185244
0.309535
0.975343
0.682308
0.555544
0.639464
0.449966
0.293182
0.0258711
0.133038
0.902002
0.164383
0.830461
0.333179
0.592077
0.553227
0.500118
0.252446
0.724146
0.144426
0.325662
0.40773
0.139347
0.119901
0.938403
0.143936
0.189517
0.205187
0.632999
0.121796
0.415444
0.567383
0.0573401
0.844727
0.654767
0.439658
0.894654
0.0997562
0.204527
0.34734
0.162909
0.187445
0.663531
0.810497
0.756212
0.816051
0.0792823
0.398215
0.853579
0.534497
0.0246334
0.0093078
0.819795
0.579646
0.229134
0.254672
0.223431
0.0124577
0.390101
0.816133
0.597201
0.0183264
0.788302
0.656918
0.565266
0.246432
0.333392
0.958712
0.963002
0.0631194
0.663976
0.660128
0.573736
0.594425
0.927431
0.471965
0.107741
0.432626
0.864397
0.243791
0.048465
0.881767
0.822851
0.557276
0.990924
0.617424
0.327037
0.421031
0.0972138
0.635403
0.825972
0.941935
0.2943
0.364482
0.246658
0.848119
0.838948
0.818328
0.977029
0.738478
0.874855
0.661402
0.903502
0.933723
0.606998
0.0639527
0.128293
0.804058
0.718046
0.220993
0.991354
0.448335
0.652162
0.410477
0.022114
0.599855
0.390816
0.465431
0.445741
0.633648
0.345857
0.535231
0.869191
0.550396
0.994812
0.0108257
0.771958
0.811892
0.883251
0.489146
0.426512
0.902996
0.619465
0.651461
0.873303
0.49526
0.486309
0.930968
0.575651
0.0870627
