0.552714
0.176363
0.234369
0.523081
0.328898
0.61962
0.680711
0.165532
0.386357
0.354629
0.850398
0.658321
0.749325
0.752763
0.296027
0.658024
0.806682
0.861036
0.306521
0.271732
0.770046
0.315123
0.575985
0.290398
0.866087
0.330605
0.732061
0.875442
0.513322
0.52225
0.973612
0.448347
0.733187
0.301593
0.067837
0.533426
0.0456699
0.602394
0.956624
0.303734
0.0990583
0.684399
0.222453
0.580107
0.284267
0.765205
0.663563
0.0332849
0.583461
0.230193
0.22854
0.339195
0.903084
0.170607
0.560183
0.0373412
0.141158
0.99976
0.398971
0.842379
0.239177
0.897407
0.095606
0.158663
0.468096
0.832161
0.483194
0.548134
0.198951
0.912136
0.358611
0.901133
0.407689
0.813561
0.823382
0.0604326
0.164415
0.0377334
0.733856
0.648483
0.357064
0.74592
0.510772
0.847517
0.899368
0.922407
0.558181
0.883125
0.673299
0.615775
0.541828
0.960629
0.455738
0.00822441
0.776796
0.404825
0.0796951
0.0630109
0.974591
0.75273
0.0797637
0.500017
0.599574
0.549492
0.0720196
0.849531
0.0848181
0.597363
0.118267
0.334032
0.157281
0.407915
0.32473
0.328122
0.522345
0.607275
0.924937
0.146689
0.157842
0.0445296
0.0972619
0.911077
0.467256
0.35323
0.766519
0.243396
0.54255
0.716117
0.640254
0.539045
0.78615
0.582778
0.729098
0.567243
0.142399
0.0906273
0.601805
0.14975
0.18841
0.938939
0.624371
0.667745
0.334231
0.465896
0.433731
0.14673
0.382437
0.679001
0.895814
0.669641
0.697062
0.988358
0.79782
0.868069
0.231913
0.393272
0.525052
0.241577
0.668286
0.871857
0.97203
0.0552027
0.912027
0.723814
0.938012
0.564952
0.199977
0.616344
0.256818
0.321631
0.0657795
0.0831909
0.911197
0.302567
0.415083
0.226703
0.381356
0.621663
0.96015
0.373221
0.477994
0.567408
0.263725
0.431404
0.909733
0.719178
0.642415
0.703759
0.834824
0.891458
0.179373
0.901308
0.647299
0.656399
0.0963623
0.111383
0.247469
0.194347
0.7352
0.468437
0.0468355
0.222578
0.398579
0.278172
0.957295
0.752153
0.300265
0.344648
0.614849
0.422829
0.874648
0.250513
0.0875042
0.166191
0.695731
0.34048
0.317791
0.946831
0.255423
0.157761
0.549372
0.331688
0.851219
0.0838033
0.988336
0.637538
0.8333
0.931031
0.948529
0.406561
0.460977
0.238694
0.731617
0.960032
0.61845
0.0219562
0.491188
0.780194
0.640129
0.724019
0.331472
0.470192
0.495054
0.121411
0.89036
0.0421467
0.580967
0.932361
0.656726
0.283436
0.37757
0.878324
0.272217
0.950954
0.209213
0.948632
0.0673737
0.543577
0.36697
0.618315
0.0821918
0.402792
0.840156
0.768905
0.820912
0.891409
0.907033
0.0625602
0.991352
0.400343
0.835075
0.519125
0.478506
0.933625
0.940521
0.0464752
0.802576
0.0214557
0.257338
0.673856
0.311334
0.711449
0.0654926
0.238483
0.356854
0.387919
0.528718
0.275075
0.706724
0.169401
0.691536
0.858764
0.439475
0.634217
0.0856674
0.150885
0.574501
0.624147
0.195973
0.398039
0.686328
0.876287
0.035504
0.134234
0.753216
0.233086
0.080191
0.336221
0.490172
0.180288
0.812718
0.281768
0.416349
0.463241
0.125842
0.86128
0.906809
0.53125
0.83516
0.0924496
0.478606
0.559964
0.551099
0.587945
0.561381
0.801985
0.160394
0.726422
0.00215081
0.0156257
0.1669
0.276436
0.554644
0.721704
0.141805
0.223682
0.602853
0.0384784
0.533205
0.551218
0.369152
0.844803
0.085001
0.722885
0.856572
0.0212806
0.115258
0.619794
0.775594
0.519651
0.903922
0.680033
0.705321
0.0101622
0.439827
0.991398
0.738931
0.857297
0.777207
0.087308
0.863616
0.17331
0.251446
0.195802
0.324781
0.700232
0.804368
0.691734
0.224705
0.269724
0.668692
0.50201
0.605537
0.591183
0.662065
0.21399
0.266741
0.117965
0.340367
0.637047
0.566724
0.741755
0.260385
0.567139
0.459107
0.0649451
0.601857
0.504671
0.0131653
0.00129993
0.399009
0.0753442
0.668682
0.454608
0.631277
0.904195
0.475287
0.825575
0.42357
0.692705
0.56601
0.0967518
0.6058
0.249147
0.115352
0.2456
0.881823
0.221917
0.0316291
0.73573
0.857825
0.286082
0.633716
0.836246
0.179936
0.533057
0.562254
0.519206
0.0313283
0.813316
0.17506
0.68516
0.23869
0.782336
0.677093
0.466933
0.238028
0.399643
0.234648
0.361399
0.149821
0.630888
0.324059
0.939481
0.21366
0.10317
0.564607
0.884216
0.832158
0.463427
0.285994
0.106983
0.474264
0.189965
0.0800884
0.691816
0.687978
0.607064
0.587005
0.417874
0.472383
0.852861
0.765659
0.610081
0.259157
0.550079
0.898623
0.0677211
0.753323
0.930201
0.581416
0.821374
0.883501
0.16058
0.946096
0.467837
0.111438
0.624625
0.369299
0.833214
0.350971
0.905334
0.914629
0.714139
0.746329
0.22172
0.759362
0.4471
0.559884
0.0684923
0.855651
0.0558851
0.419149
0.808855
0.0759743
0.727212
0.173274
0.970359
0.0930484
0.364382
0.608817
0.993926
0.244079
0.969161
0.275009
0.186067
0.629399
0.601736
0.668256
0.624062
0.695472
0.668769
0.0261157
0.764427
0.552279
0.28965
0.98067
0.504407
0.275043
0.490798
0.321077
0.446632
0.440442
0.97815
0.115788
0.116868
0.147006
0.23772
0.443936
0.884968
0.770118
0.714331
0.986137
0.33885
0.701163
0.818441
0.724713
0.86166
0.321231
0.511097
0.0032516
0.162026
0.459129
0.217044
0.19553
0.507517
0.58371
0.815912
0.233906
0.411079
0.980656
0.46159
0.24692
0.520749
0.16364
0.979601
0.55643
0.46243
0.769787
0.592797
0.284055
0.38572
0.189598
0.725021
0.816941
0.96303
0.181176
0.632888
0.38303
0.591642
0.718859
0.615848
0.985566
0.549078
0.326286
0.554209
0.947072
0.851389
0.143687
0.525372
0.312675
0.564777
0.979712
0.248111
0.362806
0.320176
0.597514
0.105144
0.48521
0.781092
0.485321
0.493606
0.656501
0.814402
0.361269
0.253834
0.782861
0.114492
0.66263
0.926163
0.150334
0.0303332
0.26955
0.585907
0.234342
0.345743
0.712963
0.00645669
0.11865
0.762834
0.11698
0.900423
0.773646
0.838532
0.125709
0.989066
0.444133
0.124189
0.0643317
0.649707
0.39628
0.258395
0.584645
0.891321
0.274174
0.762824
0.0448716
0.408217
0.315544
0.291319
0.874071
0.461952
0.677031
0.0819978
0.170574
0.341212
0.118739
0.362563
0.785168
0.14992
0.298129
0.458664
0.138358
0.673491
0.923445
0.355414
0.0221914
0.073118
0.0162852
0.462104
0.636364
0.158225
0.533775
0.329886
0.108733
0.9871
0.599964
0.0727704
0.750207
0.545595
0.596624
0.241521
0.293982
0.253927
0.363497
0.900968
0.369187
0.0516611
0.757872
0.66012
0.458924
0.810804
0.823436
0.405666
0.592578
0.827012
0.818715
0.488467
0.0226612
0.138921
0.354663
0.113192
0.135869
0.425589
0.891837
0.681133
0.848644
0.232128
0.846743
0.83603
0.737018
0.273382
0.557737
0.963175
0.150882
0.565739
0.360141
0.89152
0.562648
0.137189
0.0208902
0.548923
0.400226
0.0652691
0.782438
0.320633
0.614415
0.593411
0.266086
0.860723
0.230637
0.0751666
0.484654
0.106778
0.135121
0.496745
0.214607
0.247648
0.345371
0.327577
0.977435
0.394416
0.0150627
0.44898
0.880523
0.704302
0.423306
0.911088
0.56733
0.707952
0.198248
0.26772
0.526943
0.589549
0.0251176
0.2395
0.0130356
0.170379
0.0886287
0.455102
0.822204
0.34524
0.499623
0.0205353
0.181648
0.722133
0.95638
0.66663
0.996212
0.215012
0.88993
0.224609
0.704902
0.339713
0.34412
0.179848
0.996635
0.962977
0.839743
0.0536359
0.63546
0.254549
0.473217
0.363155
0.645153
0.592535
0.499612
0.909638
0.103101
0.171694
0.649982
0.144489
0.793717
0.0650765
0.433158
0.363667
0.971019
0.488562
0.671894
0.480123
0.480814
0.0187473
0.523349
0.124411
0.492057
0.513728
0.233967
0.823386
0.0877173
0.487215
0.878733
0.00703317
0.964933
0.685638
0.334866
0.593445
0.494672
0.618407
0.739711
0.901881
0.390553
0.791372
0.683238
0.644032
0.237263
0.393239
0.384735
0.743256
0.128193
0.185377
0.10396
0.732185
0.662544
0.344416
0.0366318
0.47814
0.55178
0.00826086
0.94434
0.987015
0.0853812
0.275089
0.768786
0.0349835
0.706134
0.405501
0.480415
0.378503
0.944642
0.977744
0.411432
0.292396
0.963267
0.746198
0.323181
0.186115
0.959476
0.95283
0.45788
0.0479836
0.678534
0.841849
0.824828
0.46771
0.285552
0.127552
0.970796
0.986993
0.846955
0.165098
0.485021
0.528177
0.671304
0.574641
0.488414
0.651134
0.759468
0.0684279
0.357162
0.38823
0.614206
0.231069
0.930795
0.40736
0.659137
0.00297873
0.454546
0.253177
0.516998
0.616851
0.506106
0.416493
0.397423
0.737302
0.156752
0.981639
0.843958
0.553698
0.616864
0.602095
0.0904691
0.576033
0.61578
0.554261
0.277103
0.883906
0.766114
0.619184
0.775293
0.578714
0.162346
0.542579
0.872492
0.188942
0.463807
0.822924
0.0660408
0.778527
0.712137
0.577646
0.216483
0.508356
0.132944
0.237479
0.81029
0.401017
0.172018
0.818876
0.581914
0.0584309
0.0158417
0.524668
0.745241
0.0828668
0.846387
0.42272
0.0844123
0.950926
0.0804337
0.952777
0.154017
0.0906772
0.843255
0.0114501
0.838662
0.911912
0.926507
0.365275
0.521876
0.539613
0.480677
0.141941
0.114544
0.000418777
0.691879
0.149595
0.19249
0.612284
0.692899
0.77436
0.493561
0.327273
0.958755
0.205849
0.0241288
0.777404
0.436584
0.740953
0.0248988
0.773779
0.659875
0.915592
0.0460349
0.00859178
0.0971458
0.214777
0.381834
0.710504
0.98489
0.110591
0.114555
0.0030462
0.894972
0.178486
0.0178575
0.716058
0.286445
0.0415317
0.569425
0.400413
0.291623
0.893006
0.323041
0.295767
0.986599
0.346826
0.890056
0.00144092
0.396148
0.366394
0.780185
0.600484
0.482957
0.0213171
0.351743
0.986756
0.371295
0.822484
0.121157
0.145295
0.0549685
0.385039
0.681934
0.135625
0.839768
0.169681
0.483039
0.528345
0.770163
0.0519555
0.716485
0.0447033
0.290498
0.469734
0.564496
0.149478
0.390419
0.898777
0.055885
0.346779
0.484855
0.406455
